5.035269150520991666e+00
7.512371514600498124e+00
9.566009283740443792e+00
1.066545352319049123e+01
1.278981396942145210e+01
1.360267029273813222e+01
1.445956404989875566e+01
1.591065598027403460e+01
1.662588089418212434e+01
1.722328870767603703e+01
1.892871848323684958e+01
1.988317737432723931e+01
1.989850911701608283e+01
2.100987357934794275e+01
2.153113567626837721e+01
2.395149731911525848e+01
2.403633363638073206e+01
2.427392173171989853e+01
2.454680907758722697e+01
2.596232343272106036e+01
2.633681346526896050e+01
2.692571012080447090e+01
2.781252592564280235e+01
2.873148346771090544e+01
2.922295892262578576e+01
2.968929293730575480e+01
2.970198395091540533e+01
3.150306731983611286e+01
3.170249861039170014e+01
3.170711011150843106e+01
3.281273893672163666e+01
3.369955950568164127e+01
3.415157103514969350e+01
3.467730383185265453e+01
3.522389582126363194e+01
3.535225529756851870e+01
3.589245961299671706e+01
3.703736644496141395e+01
3.730553868481349156e+01
3.753584072751560541e+01
3.769100948256202344e+01
3.850629569925625617e+01
3.917211692109339793e+01
3.999998744148803809e+01
4.055358436392846500e+01
4.091316335450976993e+01
4.158295809973832746e+01
4.255403819376134322e+01
4.284169890494968058e+01
4.332353677509343015e+01
4.402637080863130592e+01
4.419488336063960787e+01
4.472770697675353091e+01
4.473546003054435261e+01
4.491874374780957169e+01
4.534215104545442898e+01
4.543884089009758043e+01
4.636652232157354092e+01
4.698434588544107982e+01
4.711093351642276872e+01
4.783651290042691784e+01
4.831232071599850997e+01
4.918459335117796627e+01
4.969687720826617294e+01
4.976175928139747384e+01
5.053734487204181391e+01
5.085965987112381725e+01
5.108544887136888235e+01
5.116481400254188827e+01
5.124421271829840663e+01
5.155067262514812398e+01
5.194828010187323031e+01
5.320007483731361475e+01
5.378026238925208702e+01
5.386419915801862146e+01
5.427900083988222235e+01
5.486818846744350964e+01
5.553106988931217103e+01
5.607045732266057314e+01
5.668646210913786376e+01
5.672855553700991749e+01
5.719646410900062961e+01
5.740838162461177063e+01
5.755031409798092312e+01
5.809178130815161012e+01
5.812507153937939819e+01
5.815098826921161645e+01
5.844444630432924015e+01
5.859566224317758554e+01
5.897289010858302305e+01
5.983146394238188037e+01
6.050869862877449634e+01
6.082361236275837513e+01
6.124393196039545018e+01
6.124479182048776948e+01
6.184721550203788354e+01
6.303875363555967226e+01
6.318833442553307833e+01
6.368101861033050426e+01
6.414433940751699481e+01
6.435208312572814293e+01
6.467375558427401927e+01
6.495828054148834951e+01
6.536975796589541687e+01
6.539057941279376962e+01
6.581781559321206032e+01
6.600836677176449996e+01
6.616659496677245045e+01
6.639517182782117288e+01
6.680206254189246806e+01
6.696772908121700141e+01
6.717946839775028423e+01
6.828004359491245623e+01
6.833264965942022684e+01
6.874629619615119225e+01
6.896315038536346265e+01
6.926713647232749338e+01
6.971249447108702668e+01
7.075172327299782182e+01
7.090757775718073219e+01
7.121153170433507285e+01
7.149279723836524170e+01
7.202067640510848889e+01
7.206922200388898148e+01
7.217567258067472835e+01
7.298716258771403886e+01
7.300000863179040778e+01
7.308347679277217424e+01
7.319144704732806872e+01
7.359834067905237021e+01
7.363400775496505446e+01
7.367006621696154411e+01
7.407299216879387416e+01
7.422335296061041277e+01
7.448888688439198802e+01
7.462591776527051479e+01
7.611483199520304765e+01
7.634328001031414601e+01
7.643734545115997037e+01
7.691518015864862434e+01
7.706531264775995282e+01
7.734186284523120491e+01
7.856435543356025164e+01
7.867142017266442622e+01
7.871344457124912708e+01
7.908274803651309526e+01
7.946886714798687024e+01
8.005793556951832102e+01
8.009065694366302068e+01
8.021164337106810649e+01
8.052401511840736248e+01
8.096538408729888658e+01
8.102624189276481559e+01
8.130610193239820660e+01
8.145389471434808115e+01
8.165418173115537570e+01
8.167411219341043704e+01
8.175692629847743831e+01
8.233384581630350851e+01
8.245207503015741679e+01
8.256104190401757137e+01
8.266371239135544613e+01
8.403203034002198990e+01
8.425780097204270191e+01
8.454571532816976287e+01
8.458577528280322610e+01
8.517880915722550128e+01
8.527986012255657045e+01
8.544592474678943006e+01
8.646477429621205602e+01
8.680310480896606862e+01
8.691716429720516146e+01
8.717995711837298245e+01
8.731574156040846901e+01
8.743666723127297757e+01
8.773362578055633776e+01
8.831536343697285929e+01
8.840277733854570386e+01
8.847783324509856584e+01
8.905300991652812570e+01
8.913377365422240928e+01
8.918927954080525922e+01
8.977450540116375066e+01
8.983345096208194036e+01
8.989822003734342104e+01
9.001339254627484365e+01
9.015322602347532666e+01
9.081842001169677303e+01
9.094987601747502026e+01
9.117894260801288908e+01
9.125694839036921735e+01
9.225240591637913212e+01
9.274264817815007689e+01
9.284211557899595846e+01
9.299386719064150952e+01
9.309852690631062444e+01
9.320096504394636838e+01
9.348605840940290079e+01
9.385102420507593024e+01
9.409643307182086858e+01
9.435765926456616626e+01
9.499879870500606671e+01
9.543599671256431805e+01
9.556440682153045429e+01
9.586586042757527082e+01
9.586716638822761638e+01
9.604713545677677189e+01
9.644834298872385148e+01
9.685097452796121331e+01
9.686858053909554656e+01
9.691969513967922012e+01
9.778409121070978927e+01
9.778803489211927058e+01
9.782606183693310697e+01
9.825928990226908866e+01
9.834696724037286231e+01
9.843649116598480475e+01
9.865568322660615763e+01
9.879229340017469951e+01
9.937326286308412193e+01
9.956472873488193898e+01
9.968269122636154123e+01
9.989988242739087809e+01
9.991001756474655338e+01
1.006925064813859763e+02
1.011120977911074306e+02
1.013612366554986863e+02
1.015464889456061996e+02
1.015498793079149493e+02
1.019221014768036895e+02
1.021642874285386995e+02
1.023522606053895316e+02
1.027082331062499634e+02
1.027387576419432236e+02
1.031516131193384638e+02
1.032832187497203904e+02
1.036383639763670601e+02
1.041277202110573796e+02
1.042905615297881781e+02
1.044249173957287837e+02
1.047760602733759185e+02
1.048658790062454926e+02
1.050031860728970514e+02
1.051284533416511522e+02
1.059509900868253283e+02
1.063764357403202041e+02
1.064260858971689885e+02
1.065065254397533181e+02
1.067217973332703878e+02
1.068166385271168224e+02
1.069753955199410740e+02
1.069756624498620567e+02
1.073542088353341057e+02
1.073712466396804217e+02
1.076116037279037840e+02
1.079110420485434361e+02
1.080406488846596744e+02
1.086003399889416130e+02
1.086658575048116120e+02
1.087333219548584253e+02
1.089889342335253986e+02
1.097463548177134101e+02
1.100355606271414786e+02
1.103806409953947281e+02
1.105010436178405655e+02
1.105381758088540920e+02
1.105501356613444699e+02
1.106257925293952553e+02
1.109792417574708168e+02
1.109991788210499379e+02
1.117534405785059732e+02
1.121373790090679137e+02
1.122377772248201069e+02
1.125340016036365824e+02
1.126057406006778336e+02
1.128047177171115862e+02
1.132097861926576741e+02
1.137179909123191237e+02
1.137724534238167422e+02
1.139990170558611595e+02
1.141199498158802470e+02
1.141568877294763524e+02
1.151454360685338116e+02
1.153849669272009635e+02
1.154858598854308980e+02
1.156173218451223903e+02
1.157596298658200169e+02
1.158604898112273247e+02
1.158941924277675923e+02
1.161043971252863543e+02
1.161350886831964431e+02
1.162549980150461266e+02
1.165487736698552936e+02
1.166511090397581540e+02
1.171253812303592952e+02
1.171397374936549483e+02
1.174924959616309081e+02
1.175366780127042432e+02
1.179760236210205022e+02
1.182521017978793765e+02
1.186379587448558226e+02
1.188315064955994558e+02
1.193548543299226594e+02
1.194001538610874604e+02
1.196106525495099788e+02
1.197362572791307969e+02
1.197453147487514400e+02
1.198827521605520730e+02
1.201198318067671522e+02
1.202209750800516161e+02
1.204548036855741060e+02
1.210554814759137940e+02
1.213890002057893724e+02
1.215289031814071166e+02
1.215925927390948686e+02
1.219492169037566924e+02
1.223210269163832606e+02
1.223705014388530401e+02
1.224467386076606630e+02
1.228127345215872168e+02
1.229675497430058044e+02
1.230821028220635611e+02
1.230889418668577235e+02
1.235571853958658295e+02
1.236469970096461140e+02
1.238043597083587741e+02
1.240072206577470268e+02
1.240914218506224103e+02
1.248942326042697601e+02
1.249320752368104195e+02
1.250334072550423343e+02
1.251767787503511045e+02
1.252605869673778898e+02
1.254923387836394681e+02
1.255519172655102267e+02
1.257692444474112108e+02
1.260222098714859698e+02
1.260293047373570516e+02
1.263094090242747001e+02
1.264945977967657171e+02
1.267780465705289004e+02
1.268360082383738643e+02
1.273658297955508658e+02
1.274090162990820687e+02
1.275165013511092411e+02
1.275218296100572672e+02
1.277947703338806775e+02
1.283058212497092256e+02
1.288206417085887665e+02
1.289167755894858090e+02
1.290314430958291609e+02
1.292263794786625510e+02
1.293355772243285458e+02
1.295164308622651959e+02
1.297330665422982463e+02
1.300163214722443854e+02
1.302820915456921966e+02
1.305010200296163418e+02
1.309674682124589822e+02
1.310505292580516539e+02
1.312680789384015725e+02
1.313453174555706937e+02
1.313683540289238465e+02
1.317430744787635035e+02
1.319662558889991999e+02
1.321908900929519746e+02
1.324521095327755802e+02
1.327885143325546551e+02
1.328434733541562025e+02
1.328842670229384453e+02
1.329454548202563444e+02
1.330517122750030410e+02
1.332615407730840502e+02
1.334212065272844256e+02
1.336540527631282202e+02
1.338412432153079124e+02
1.341271052009356879e+02
1.342408915845344382e+02
1.346234909212057858e+02
1.347579695309728152e+02
1.350966184261431238e+02
1.352077460267526021e+02
1.354359876986611653e+02
1.354568814307982620e+02
1.355871146536837273e+02
1.357804019856033335e+02
1.362721350005398904e+02
1.363947311668653128e+02
1.364492288938225499e+02
1.365419004724913350e+02
1.367539186568916989e+02
1.370543079801910835e+02
1.371023381306914928e+02
1.373838281734780367e+02
1.375991043506081155e+02
1.378925900636527331e+02
1.379759911193505957e+02
1.380073999670281353e+02
1.381667377805237891e+02
1.382246552767848300e+02
