5.271026461685657e+00
7.855705709360227e+00
1.000432711273055e+01
1.116233997631678e+01
1.335310072826603e+01
1.432620387110017e+01
1.522468261143338e+01
1.669003655548018e+01
1.736927668397406e+01
1.817483253728977e+01
2.005856679094595e+01
2.090444036658979e+01
2.093465182335989e+01
2.207606485185249e+01
2.268106865193368e+01
2.532131822159653e+01
2.548969858907153e+01
2.566565147985067e+01
2.578613438265574e+01
2.748620212697419e+01
2.787518200388122e+01
2.850388030534994e+01
2.923481761288429e+01
3.042019936479951e+01
3.067674896880094e+01
3.136758757128969e+01
3.203516761031150e+01
3.360415905427546e+01
3.374045710960183e+01
3.377997793278641e+01
3.455880499633754e+01
3.586266813066322e+01
3.617706173088666e+01
3.651789568211679e+01
3.739753743216629e+01
3.768029807785584e+01
3.914447148635158e+01
3.925278862811727e+01
3.962052699962437e+01
4.041121464498000e+01
4.042786103578908e+01
4.051096182290254e+01
4.185188431511469e+01
4.261782826428357e+01
4.303018625779880e+01
4.334149012523125e+01
4.475868262317063e+01
4.537607402112791e+01
4.617108965419715e+01
4.696136244802121e+01
4.711413847916307e+01
4.765296659343019e+01
4.777854157710311e+01
4.795133035531379e+01
4.803190015290181e+01
4.824401382024350e+01
4.849217552326679e+01
4.976474807137487e+01
4.991605076579172e+01
5.022521781957077e+01
5.098983634049929e+01
5.212490252184000e+01
5.263790899840578e+01
5.341612638194174e+01
5.430188105858527e+01
5.438837417999211e+01
5.474438173825669e+01
5.511937912062796e+01
5.544797509368215e+01
5.580750448281653e+01
5.588480278980178e+01
5.616422119591953e+01
5.714280685111490e+01
5.763814446271810e+01
5.792943632437608e+01
5.811167557586283e+01
5.882402019881230e+01
5.952014541695443e+01
6.052454926551831e+01
6.135600754495282e+01
6.137833236272014e+01
6.158931191342797e+01
6.208831094007854e+01
6.235416324562116e+01
6.236570804715311e+01
6.263981473452208e+01
6.381523683763063e+01
6.443026750753052e+01
6.457009193644029e+01
6.472896536798434e+01
6.504090780484442e+01
6.505583723983889e+01
6.549464564166679e+01
6.617694539566642e+01
6.625435161500850e+01
6.669133124288443e+01
6.758238482432687e+01
6.805888797905757e+01
6.953649513631544e+01
7.007304819998411e+01
7.008531055775779e+01
7.011578418532375e+01
7.082597651314617e+01
7.094061220502665e+01
7.103353777275127e+01
7.168728129511057e+01
7.182204045575806e+01
7.219890962117780e+01
7.253830584899939e+01
7.362995074045514e+01
7.370536730599702e+01
7.416157579887359e+01
7.430102373673772e+01
7.430533102603971e+01
7.461619127707790e+01
7.501039737116574e+01
7.562941382487475e+01
7.596790527558422e+01
7.622985541567739e+01
7.632713551482841e+01
7.811392191278283e+01
7.817157222258584e+01
7.850582464786899e+01
7.875738447452595e+01
7.951846946432073e+01
7.955030585112561e+01
7.969453152970389e+01
7.979772498537713e+01
7.991297461014028e+01
8.044646168151461e+01
8.059462316200532e+01
8.140114560683996e+01
8.199541851108849e+01
8.257734318246429e+01
8.279601626192981e+01
8.292174694241615e+01
8.341312949804353e+01
8.458406444716384e+01
8.464665396456176e+01
8.483820805099151e+01
8.505960304705732e+01
8.532447079795236e+01
8.576952066917295e+01
8.577391779456309e+01
8.593994887224447e+01
8.633138787812244e+01
8.672948860419261e+01
8.751205099944738e+01
8.755348723947873e+01
8.812495646774930e+01
8.815350266269098e+01
8.853829912737764e+01
8.864885878342308e+01
8.926404528184162e+01
8.963145857547511e+01
8.973286868452558e+01
9.062466300601650e+01
9.161585789503091e+01
9.210230003381180e+01
9.213099214874248e+01
9.220258484887971e+01
9.246295996717704e+01
9.274261107867733e+01
9.293496903232175e+01
9.413280538702482e+01
9.456637607755152e+01
9.523662020346848e+01
9.539800515167168e+01
9.554761072182073e+01
9.559847752219284e+01
9.571343062057002e+01
9.593596454991371e+01
9.597771519399375e+01
9.632609557428940e+01
9.660603425790214e+01
9.668167896782880e+01
9.727947276842529e+01
9.738831194429662e+01
9.757866052397118e+01
9.792933946430699e+01
9.804139950323703e+01
9.820742558072240e+01
9.933047972866200e+01
9.956069672381020e+01
1.005188206248156e+02
1.007212290395963e+02
1.009438398345777e+02
1.010961262556461e+02
1.015982347403571e+02
1.020982867648538e+02
1.021771016909016e+02
1.023790609742796e+02
1.028301071641229e+02
1.031770850116047e+02
1.035730504552729e+02
1.036765562963456e+02
1.047726995130979e+02
1.047847318630088e+02
1.048655562808921e+02
1.049255430433453e+02
1.057764691873126e+02
1.058754307632001e+02
1.068327532381603e+02
1.071705168753215e+02
1.071839869939008e+02
1.072386794817113e+02
1.072688301736297e+02
1.076977904557730e+02
1.079520157034117e+02
1.079925853049088e+02
1.081180756965588e+02
1.083746587176621e+02
1.083930972347358e+02
1.090252676509896e+02
1.097082877447283e+02
1.100861044066630e+02
1.104744062445482e+02
1.105873031361762e+02
1.106791302436123e+02
1.109194926515038e+02
1.125006342644526e+02
1.125717761708636e+02
1.125862914834814e+02
1.127989097922168e+02
1.133475731846569e+02
1.134035366748199e+02
1.136736459222437e+02
1.141834607519363e+02
1.147210496775112e+02
1.149466618320353e+02
1.149658381570481e+02
1.149843119743270e+02
1.151550180525667e+02
1.157143987590415e+02
1.158647428434983e+02
1.164477457113914e+02
1.169970970209231e+02
1.175018510059377e+02
1.178098037912892e+02
1.179360451910965e+02
1.184667727531954e+02
1.187472671059640e+02
1.188242428144474e+02
1.189063709846616e+02
1.193698728069383e+02
1.194181138929047e+02
1.194517428985653e+02
1.199737823875804e+02
1.199855992930088e+02
1.202957770067085e+02
1.206123855209789e+02
1.207615191788973e+02
1.207896933618637e+02
1.208389404534423e+02
1.209050326876692e+02
1.212563634440065e+02
1.215815109849519e+02
1.223675130010263e+02
1.229583368943667e+02
1.237112791074509e+02
1.242260368763704e+02
1.244573426544409e+02
1.245048193456027e+02
1.250218533522159e+02
1.250424538109336e+02
1.250486117747382e+02
1.257173030957352e+02
1.258571241411844e+02
1.260533733728316e+02
1.265927674779439e+02
1.272990356462383e+02
1.273878562997735e+02
1.274031399669778e+02
1.275349297005775e+02
1.277149899472927e+02
1.278761255312382e+02
1.290317269187236e+02
1.302089744971943e+02
1.304287295916475e+02
1.306808178583763e+02
1.308729566889776e+02
1.311594855004141e+02
1.316169657485635e+02
1.317189341136526e+02
1.317255298513379e+02
1.317905990861582e+02
1.318768182251506e+02
1.322221492695868e+02
1.322344658960672e+02
1.323349454543133e+02
1.323497760045668e+02
1.325879142593005e+02
1.326954577798640e+02
1.329418047358222e+02
1.329871219918697e+02
1.340231903165383e+02
1.340775349748995e+02
1.344406851436368e+02
1.346182246997876e+02
1.347580093434798e+02
1.349038121716438e+02
1.354573876172734e+02
1.355717655016187e+02
1.356156546989447e+02
1.359351388984144e+02
1.359810489887960e+02
1.363527466751771e+02
1.363856251199517e+02
1.371397108617154e+02
1.374365343346370e+02
1.374960525739176e+02
1.379851730703723e+02
1.382581660700632e+02
1.383965065316385e+02
1.388875373632085e+02
1.395632466646454e+02
1.396769927583755e+02
1.398573556324792e+02
1.403805913633748e+02
1.409518679701426e+02
1.409624944028178e+02
1.416751933422451e+02
1.424134784167921e+02
1.426895194206183e+02
1.427123437958830e+02
1.429148242067657e+02
1.431512830088502e+02
1.432774038574773e+02
1.433600842065809e+02
1.433895184710547e+02
1.440647112240736e+02
1.450450178493126e+02
1.451106934290909e+02
1.454834864084767e+02
1.456244196167488e+02
1.457047465307837e+02
1.457108316564967e+02
1.457298792035487e+02
1.457587150469844e+02
1.458691949708710e+02
1.459226552200139e+02
1.460861455292128e+02
1.462013647799862e+02
1.462525921301257e+02
1.467158158096407e+02
1.470711574266077e+02
1.475742079188594e+02
1.475937054140548e+02
1.480805145091299e+02
1.481357928461790e+02
1.481859102609145e+02
1.482333679751072e+02
1.492643151163900e+02
1.493045053343633e+02
1.497290777125811e+02
1.498843930031498e+02
1.500667590008978e+02
1.505697134277942e+02
1.507094870768102e+02
1.523900761310987e+02
1.525223953080193e+02
1.531096372446961e+02
1.532260203774518e+02
1.535957461849048e+02
1.539546233653372e+02
1.540040548035567e+02
1.540692617620308e+02
1.541228314649128e+02
1.548950730537898e+02
1.549686935274989e+02
1.550777702875676e+02
1.551056907263584e+02
1.552812076566829e+02
1.553542677525586e+02
1.556940202310338e+02
1.557074161625617e+02
1.557222610634140e+02
1.562219739980979e+02
1.564241179353426e+02
1.566384049612788e+02
1.571827601007228e+02
1.574529868137266e+02
1.574634330025279e+02
1.577521262774875e+02
1.578837925006185e+02
1.580098109702602e+02
1.582055307072035e+02
1.583863529981027e+02
1.585327162613306e+02
1.593476791365529e+02
1.594422946196426e+02
1.594608068848947e+02
1.598396650418816e+02
1.598473979717871e+02
1.598947770151761e+02
1.600183948189228e+02
1.601660217159558e+02
1.602723945894858e+02
1.610801468665786e+02
1.614822810367897e+02
