5.304721094498001
7.90699893272087
10.075965116595516
11.230885644406722
13.44728847804793
14.407323098614366
15.312946553812079
16.810354896747604
17.49137553360362
18.289636880070784
20.169368705533675
21.05246185258536
21.07182772327701
22.22349331308337
22.81671878637666
25.502094996382514
25.65709466363336
25.800265692589758
25.96882904745703
27.66301217516514
28.034796993176975
28.64585508366868
29.429412792830867
30.630660918892282
30.87948901696788
31.586420411239537
32.19554036031616
33.810915267347305
33.93861234795018
33.96422023201572
34.785193644714575
36.11326515561216
36.420487902037735
36.73727158368966
37.615456533716646
37.930899613985396
39.33222666199799
39.506852378422636
39.8393064276199
40.61679065228036
40.66662644161106
40.78595152404922
42.1388402143996
42.90528226337032
43.2746150739284
43.59592137454965
45.03051708712141
45.647704168525124
46.41500814101375
47.1690473889387
47.41145131033772
47.84487026490075
47.99923581773559
48.2304178091274
48.31718085838754
48.56441283427555
48.807968590515365
50.09951791080338
50.20918033368941
50.50236100886577
51.30575870955701
52.43944945723764
52.91770984496717
53.682700077021984
54.574900344315914
54.693349699435906
55.05951513276488
55.4808923836657
55.680365638674196
56.11604632804253
56.1562124653171
56.470587722818
57.44269514746489
58.002412568321006
58.25027372908287
58.421526542757505
59.10069179067081
59.87123952841453
60.8634878182812
61.657708805732646
61.66033610297396
61.87171003712211
62.46136511469201
62.681721065296564
62.74920296118118
63.02280147356824
64.21197248261363
64.79571733441917
64.83684845899104
64.97210449799185
65.3521030516824
65.3686376978797
65.84631540641911
66.48953907915653
66.59894442240589
67.0238965281303
67.94671604181836
68.40088232568827
69.83243649035867
70.35377793354625
70.46908055774962
70.54289171340886
71.21785253114345
71.26616386909497
71.38123604593075
72.01312154892933
72.02213728616971
72.55551374514056
72.98633817519644
73.9484095996538
74.08446698449751
74.49844497257935
74.53921793509012
74.61331447713695
74.91675835671316
75.39065408544644
75.96828315575719
76.31037627964069
76.61049378133288
76.70229968435302
78.46890522506835
78.52948346034086
78.94344813686784
79.11431463579072
79.76538524906324
79.95928602147917
80.12336774402621
80.14490761553063
80.20377007861597
80.80316648251062
80.95944325516786
81.70812051265611
82.42375319366003
82.96154304252822
83.11318597213777
83.2468821014068
83.77186236253908
84.80745154775482
84.97045312885923
85.13224905372375
85.46123500841273
85.58614824843114
86.11393239322283
86.12123462125913
86.27215598665322
86.68515446306577
87.17164632750433
87.79872333871225
87.99444802521207
88.45433587267392
88.54426116745078
88.91466403920086
88.93546376029288
89.74971954341795
89.95417261236936
90.00036704070166
90.97153892928488
91.99864229504436
92.4009363596896
92.53254907748419
92.58101974309757
92.82056123473188
92.98611973976804
93.24698621196201
94.4081315405223
94.94156606608504
95.56007552798711
95.7652963615423
95.8117437239252
95.93778004854322
95.96807273563832
96.25450525898343
96.42436140312091
96.73425358099745
96.89129491878259
97.03774465071011
97.71460568330257
97.74787684289221
97.85610752184564
98.28288642349507
98.3087925472379
98.53157376790784
99.66856457920662
100.02449071477463
100.7967490752916
100.89967124809867
101.15742877617853
101.26208323394731
101.92529473613043
102.35639278321374
102.5435611234776
102.74993661987205
103.17723638700956
103.49160718873162
103.8329014021906
103.95722598703536
105.10435163334643
105.11234181156149
105.1237932076873
105.2863847358996
106.1371938242055
106.29760010514154
107.1081028282611
107.3682841792004
107.46620374662898
107.47940561914005
107.6110027347735
108.16175732266288
108.18581073400631
108.29601956941015
108.31828064972103
108.56469874449446
108.67011237360438
109.32199601617192
110.0551309333664
110.33371721917268
110.80060954731302
110.82964169159537
110.97398646515666
111.20107958905368
112.58851765865097
112.83417025423564
112.90337835187012
113.01566831477597
113.64417562103169
113.65427016558456
113.85064379161751
114.51688196066733
115.10005917542286
115.2350242531575
115.30629525713914
115.36167693833103
115.3822158956258
115.97008253570985
116.16156386007744
116.8167792939231
117.07204283372843
117.71151489816141
118.00132018007844
118.07836024815394
118.72428143071123
118.92651323239654
119.01758871747217
119.26607086239015
119.59081035595959
119.59999890386064
119.61338502120577
120.01635967084958
120.12584411684654
120.5444881245549
120.82770612100026
120.97572413984753
120.99838599182272
121.07231223433962
121.08825892603804
121.50178772838879
121.81054464997497
122.60078126572067
123.18382819074161
123.9784123160333
124.34553687686586
124.55039244200421
124.79208409091007
125.03770851584243
125.23938134673391
125.33934541615476
126.05566545789242
126.0902375457403
126.1709788519135
126.84206677943244
127.35004681833568
127.50256901922751
127.54473923120919
127.7103000091036
127.96825729853525
128.07899374171012
129.27753757446763
130.30879402560362
130.4849190307727
131.0421049167633
131.04579190401918
131.32706705532217
131.67535775801315
131.76098775969172
131.80745828700523
131.8398531137767
131.95417732861938
132.25498564510443
132.33386406443552
132.36306449498366
132.42481483610862
132.71859733128284
132.79835711912213
133.04813406347748
133.11704077988082
134.16513754138498
134.19923935601415
134.60659359058351
134.64105106450424
135.01011029384838
135.0595159887962
135.29300324647505
135.68057831476565
135.72592850661272
135.9088231691525
136.18389890467287
136.389794193029
136.45085089713166
137.3662901356551
137.5085845721637
137.60273923930416
138.10016417235295
138.21768566489524
138.2462462682704
138.95943381887966
139.4878178214191
139.82441902032085
139.9767819063138
140.34041344480016
141.0243529511652
141.1318350159525
141.7394734852531
142.40694543065803
142.59609404700265
142.72389600858946
142.95211981694007
143.13109547654696
143.23371293615807
143.3735099578123
143.41587776787395
144.11194602656084
145.05468085276144
145.10385413033336
145.22813532322849
145.57949763176043
145.6682102068846
145.72607237742628
145.73773518956136
145.81378722581383
145.82151869386908
145.9998669260057
146.07144760153417
146.0885697425986
146.17141291069464
146.47780051117803
147.1742607843624
147.48688603684948
147.6982655866552
147.9540689004297
147.96806766399013
148.19845991321222
148.22798936841843
149.1525927939764
149.40883809636213
149.6167992809694
149.64558523555922
150.09043205124067
150.54439468394145
150.6664230523367
152.19072545113318
152.56610944600757
152.9355981875649
153.05172820314883
153.5775282274579
153.6318037200504
153.64605379092293
153.80995500819836
153.88672523922946
154.72422215374368
154.73552496067828
154.97327180705216
154.9850595495576
155.13446040468253
155.19509494708018
155.30776766111282
155.37634137293063
155.5278728231862
156.21374038499735
156.41992197574953
156.59588072442136
156.99704449550975
157.2349544887995
157.42021882041547
157.72502619505406
157.74513488401686
157.87793805620473
158.07934651072148
158.10394276760405
158.21533345865546
158.9579553440611
159.22664066401953
159.260254851775
159.65772163406749
159.70982469342277
159.72717554720953
159.8371101999643
159.89434212198196
160.032619431977
160.6898183226323
161.12839070497702
161.3337039493577
161.77501970718296
162.08789711350653
162.1829507991941
162.44885825120974
162.45752045844876
162.62688806946528
162.72991520494847
162.73417801702337
163.8837289561823
164.50140060778136
165.0457919224732
165.34245590974464
165.490974717251
165.71357188033824
166.7449108710808
166.78606129060597
166.8447709737998
167.10994063421305
167.19444568323567
167.42248630441375
167.47568122074395
168.07975363598302
168.1496518994159
168.1896727245036
168.3406515197419
168.46499324353255
168.59781578064707
168.70031156238556
168.81149431625107
168.89931504021018
169.44901775147522
169.7440909879309
170.05065972724069
170.05117042062642
170.3155855048365
170.47366470651738
171.0103223263017
171.1805691942102
171.63968349040402
172.01647210601254
172.11387935165882
172.3535370774311
172.5278329644709
173.44811746091858
173.47053945005743
174.11101266592337
174.26990079396947
174.2833279951817
174.382378809175
174.3997262736222
174.45067335951603
174.55613767976453
174.70866423755635
174.82801919082624
175.28193275330526
175.50092723157184
175.53090967238904
175.9663842183423
176.0462767741436
176.10783793793274
176.7860831448245
176.8003853464777
176.86525337174467
177.66389989589595
177.67263873632064
177.74914762560837
177.9310650719902
179.11203195365675
179.19654604342654
179.33300613520163
179.46964449472048
179.64712918053237
179.86488272824243
180.25590332473428
180.28929047736034
180.53987124248997
180.60280846463493
180.6093172325267
180.80480288140072
180.94428205699845
181.36708160318943
181.45276384697277
181.77658855842117
182.1232582450396
182.20653857741982
182.29139803810213
182.6287626805792
182.91940847169926
182.9488526018517
183.12286385370572
183.1451758048638
183.32804733145812
184.34835405611886
184.6630864600253
184.67767426063034
185.1069588551912
185.2086884679635
185.59789217225136
185.81022174317812
185.91807620060385
185.94922003664578
186.55587411857084
187.17540586834102
187.28040360236233
187.55337058371452
187.9459109299288
188.06597019164673
188.24626222675536
188.71443643178827
188.88328243151352
188.9609841769487
189.44018647775113
189.47928638305584
189.51301745875122
189.52561855643256
189.57631977182078
189.99343905672126
190.009994692509
190.23209128017993
190.23304672322217
190.52980252437933
190.93998260474615
191.04080522013888
191.68441656953058
191.8985745857005
192.05972718871158
192.1387236057847
192.29606888586386
193.00369650801014
193.30337291741455
193.36795787118305
193.56807857873278
193.71418863874754
193.95382971248927
194.1485484875429
194.2417034009339
194.31297060987205
194.45694497686952
194.61288210765213
194.99399434673907
195.13622802065993
195.13643238812494
195.16222744833175
195.72133860828237
195.98191573089363
196.27663093892642
196.48071764624126
196.5641460602987
196.72279653322428
196.88944294907748
197.6006732959007
197.93547975768774
198.19610384266926
198.25494918870947
198.35932199779512
198.80955182943643
198.9704663917943
199.03682571388507
199.79789332395032
200.08925103037578
200.18256809159104
200.24851525980915
200.45879350518643
200.52258492234475
200.85283187689794
200.99142685100628
201.88423067898316
202.21155273478524
202.43885215029198
202.4536620530497
203.12560320492076
203.16117961543404
203.48151670872005
203.6688401371854
203.77354985599254
203.93213542084425
204.10580424790652
204.14039527101315
204.5686563177323
204.65016610615154
204.72512873974858
205.00856656942364
205.1627364451319
205.19878995014892
205.26799333512287
205.32897447155716
205.35216487100064
205.38212022484814
205.38738203853123
205.51976665455007
205.52834993606592
206.65074065181207
207.08195081574348
207.30834403414676
207.3104866250555
207.37836104391877
207.59798869950308
207.64340155901405
208.12710727041124
208.4139832403335
208.4234310527202
208.50856264662713
208.7409054579522
208.82968171433586
209.5291252748591
209.82350153786183
209.85404031416522
210.00987920907497
210.13811496770273
210.4269344793306
210.5218170917562
210.5511783135633
210.68873211079554
210.8249626413974
210.86329411147003
210.97729893417346
211.55704995397917
212.58248356011373
212.69479472450936
213.1003717090435
213.6790955296415
213.92960057402885
213.94003232659153
214.02108436092138
214.12691366785307
214.31120084139258
214.56838449304803
214.68760603878513
214.83302761693
214.92511477143026
215.20307453442993
215.67900771571473
216.53009085806858
216.68485791272494
217.0711893366176
217.18220523381535
217.31228993424733
217.43201297784262
217.45890147573758
217.94976351875002
218.05368898900377
218.06775085583897
218.27035825002955
218.39251313446147
218.69830016447042
218.73526064286332
218.75714486893818
219.16926936730516
219.32421726065454
219.45258325728173
219.6404672262655
219.68397952126548
219.95482950807406
219.96806795458912
220.16056044067318
220.99776670698705
221.47283389334788
221.49879015542922
221.66847195795089
221.6764355709083
221.7170166559056
221.7740092723442
221.79940395548502
221.85772576047708
221.89198848765827
222.02029160774876
222.02983428927857
222.13675103154182
222.23252209813896
222.2696336770113
223.01557437034003
223.6353692546925
223.99241251744235
224.02918340100797
224.20115443442535
224.69260748697087
224.8451138406968
225.33431475332605
225.55095529028597
225.6143377044559
225.6507036990331
225.74388182227565
226.05492745989227
226.44634894024404
226.52685876445358
227.0354148229791
227.13194778725767
227.295231973061
227.4052924441408
227.4297387278156
227.59479325401767
227.8679294918725
228.3749843577143
228.80509767077095
229.1533593869006
229.66810188483916
229.70918303000497
229.7916098471947
230.00658173709635
230.09666674966667
230.2005793959683
230.34358216167766
230.42976324950266
230.74352626697387
231.28257570712205
231.37657062867143
231.39820651745939
231.47792687678665
231.6784831855898
232.02928801749732
232.08881406996275
232.25966175211946
232.30198014419182
232.58813535638575
232.96879718359955
233.30928647315778
233.55769053678188
233.59564316175803
233.64434723154014
233.69121296462313
233.83614550061074
234.38736098443795
234.74654592595707
235.00952226348147
235.1201675929144
235.5177038154439
235.93795447164345
236.01265946694457
236.3060236925033
236.3146161366285
236.41430137531455
236.5241082904984
236.5517203829438
236.7743462962594
236.85191591583492
237.00332293338494
237.51438475169618
237.55059983742416
237.5837536111659
238.07251577373356
238.282701123187
238.76000162271373
238.77765844602686
238.85203933498872
238.88012775986078
238.9885883501286
239.04284733124857
239.4257009959839
239.88773085192642
240.20609169169515
240.3736561718302
240.72552923186376
241.16333499299188
241.31846289194633
241.3433859680373
241.78504086333746
241.79999685220932
241.82507507235906
241.84114242875148
242.06183115479135
242.34989848511722
242.4563357792305
242.48725521103765
242.91182628551795
242.9828637788352
243.25543479226508
243.3073767248546
243.36011524562636
243.46915259482398
243.845125821687
243.8534088514066
243.98108006111877
244.0971542651481
244.1514451456722
244.8454691574877
245.11768093021982
245.13908948116745
245.18655494946552
245.99072820373542
246.10959754395122
246.1595801802147
246.20521365388836
246.3708682079788
246.47156572039265
246.64175514243732
246.93702068398449
246.97742343922658
247.50675503209322
247.54609030903868
247.89777217583443
248.11852516860182
248.8591335886013
248.88034980353623
248.88698137818795
248.95081125407032
249.04808942233163
249.19847303465173
249.22527742610754
249.76027489631815
249.9468767303582
249.99948889935368
250.1651668292534
251.07625175139125
251.1515402099983
251.2247709847964
251.60080974191533
251.62973612421234
251.69521361386919
251.80328085033582
252.04893047603625
252.18473312423316
252.26148943703765
252.3191733106881
252.74374520799856
252.75620571935875
252.8792831512943
253.9198647665735
254.03840236803737
254.4467691813257
254.71780448416
254.8249204472219
255.60158264624732
255.92582623316355
256.40326346850514
256.434702766276
256.4875055951511
256.508649036732
256.5541800904952
256.61314452089397
256.65689616794265
256.7003055113376
256.9590077822352
257.02186855308076
257.0372804188139
257.2041665864004
257.23837694510445
257.4153822930988
257.4356353695999
257.5286885425213
257.5631306249745
257.8536394120101
258.1115355308406
258.1192657225918
258.4854537135078
258.9279466440339
258.9682815631327
259.023159082387
259.03080880624543
259.10697857318746
259.4770047373194
259.6840170883789
259.91771832754677
259.93655549311626
260.09998228348724
260.1498562438367
260.8934096011412
261.10291119556723
261.12403362930667
261.3903350902408
261.4170414316819
261.56036842644113
261.61268849488636
262.1836367559554
262.2318172867252
262.7141847465692
262.9866127069467
263.2552477276401
263.34347888531516
263.61814451221
263.6412549805607
263.6984118401896
263.71380358110554
263.8347630023581
264.72356467841854
264.78751380849985
265.2906252427325
265.51836700242285
265.6306845843664
265.7100678819296
265.92920442424594
266.28074858280814
266.52062380578957
266.5360702925548
266.6075618151185
267.03350418846696
267.11871772007794
267.28411274600995
267.30898365614803
267.3337588658356
267.3921088518801
267.544182558915
267.7592037011326
267.90017563209085
268.0656499522235
268.5209196031938
268.5464018820751
268.5737670872768
269.20345023203174
269.32256484067847
269.6414139137957
269.82478524621075
269.8904993162894
270.2856386172929
270.40729216698196
270.4535641029492
270.48938040748806
270.71669833574526
271.07471891762134
271.3653734570997
271.56695045704595
271.9534843045073
272.1957717768502
272.31731089382373
272.3415399785464
272.8690850605446
273.5202918334371
273.5663527906097
273.6938323840436
273.7497964597072
273.84757164062336
273.86695234069305
274.26353685859516
274.2826199433435
274.32822855497795
274.4629453022048
274.54975817995114
274.6299476272404
274.6620187203975
274.69485760211654
274.77761850958785
274.8697091433996
275.02639350723746
275.1549746439592
275.4914457677867
275.8012111042459
275.89300452404547
275.89912436702906
276.13136724130374
276.3159580799557
276.781545040973
276.85353548127733
276.9691559063626
276.9837378215313
277.2956149571451
277.41977409039947
277.47180971647106
277.61505521866974
278.15488087040524
278.15975164145084
278.44618966150364
278.5229061574638
278.749233836638
279.21021631692605
279.2202027062017
279.3616716760769
280.29473314100693
280.4090302973045
280.66304649357113
280.77145727630415
281.4251447383464
281.47738050062225
281.7666848613134
281.85387127496637
282.02541254218346
282.2774937772378
282.44544749783734
282.47971342778254
282.51574956567833
282.73889174167005
282.84035727910424
282.8556542815857
283.1734428835524
283.5698941013622
283.6821203811515
283.6883727856006
283.7136616207211
283.7683175435508
283.9359436479509
284.2765354997756
284.6411339254909
285.0054070767987
285.22592934615966
285.38471669393294
285.8238979980779
285.8884578030413
285.9321343016834
286.03542157527363
286.2264512094068
286.2953391805301
286.3357440075883
286.39826259520413
287.2008994593208
287.32135094736213
287.33021673379847
287.719349364242
287.73917383322373
287.7651059896086
287.7778230527377
288.0080676345881
288.21696884300775
288.22334003928535
288.3943686047941
288.40802061935386
288.71422948415096
288.7457349978905
288.88702363299984
289.48102141577215
289.64889067842785
290.10889983437687
290.3567026531629
290.46160290790897
290.7086928827814
290.7682765165631
290.99044876471515
291.47276229974966
291.6584420969836
291.97337572504483
291.99463784132917
292.1013830243008
292.2766923946756
292.606180949672
292.77500970814896
292.84825939652006
292.9806832269189
292.99682840462833
293.20998136890563
293.33158513842625
293.4053923220516
293.60321982418475
293.6069293968423
293.6356445122813
293.6910683001727
293.7614820212314
293.82587606253963
293.99986843978485
294.10275813184325
294.1272208368671
294.5936232172517
294.6183480905628
294.7201202337869
295.23369957145746
295.4000623300928
295.42477353140515
295.5440313002072
295.61719800844827
295.7210361405687
296.26961174170225
296.9348783574669
297.5346076686254
297.9029585417445
297.92235692654754
298.1389561720682
298.1917344231193
298.23772980739204
298.66362581714117
298.7043724612992
298.8056138552798
298.83264184181604
299.03554897372146
299.2776126922686
299.67238580524537
299.9087874511323
299.9502082689082
300.0820447005619
300.2319162764875
300.3332431422631
300.39440864035123
300.42586278212093
300.51755114976953
300.60578302997055
300.7721453981272
300.9168164043426
301.5140985571286
301.9805734092087
302.11421773314635
302.17862758948735
302.2936264246373
302.49205016911645
302.60552508272184
302.76120363312543
303.1172965397821
303.49599935094767
303.58799516668205
303.65995128011957
303.75881336082625
303.87809844345304
303.9601982943089
304.12093639631627
304.1700888548841
304.3605796917047
304.43233481087407
304.5513043987796
304.56490709733794
304.60744697473194
304.95736041011145
305.2665849917345
305.7225977240923
305.9681525393155
306.3287900399824
306.39144589240965
306.48548679217294
307.19666171421636
307.30973402616485
307.34097103142466
307.57901715878177
307.5971201986013
307.64498574971844
307.65865657157366
307.68423255453246
307.70259061737306
307.7516122411616
307.9476801984457
308.7324626385865
308.9023722680009
308.9788706687818
309.26272510002775
309.52195362732573
309.63250040914517
309.89908494048836
310.01883498894216
310.30961002643613
310.4220011435962
310.51378750811654
310.6835509083572
310.76389240548497
310.8207793884057
310.942584597999
311.2384317997634
311.5174778710547
311.536806167092
311.5937991484654
311.60079127617894
311.6623761701295
311.85571648398593
312.26673720020807
312.72984546123763
313.1223753668735
313.154792889311
313.27927615633206
313.36751909828655
313.42412419969656
313.6231305463881
313.66381927658716
313.9159853383353
314.78342977510914
314.87064348002923
315.4658270181391
315.60374863844424
315.8257490350288
316.0472372356993
316.1759758475243
316.31824541856065
316.42025699547077
316.4767488343939
316.58398355147654
316.68971911261735
316.7353680445087
316.7394783562748
317.0284520842143
317.2278774287457
317.383858370757
317.62840944261706
317.88585058717734
317.9523459004725
317.97795018360694
318.0694944575935
318.08344355303836
318.23040705959795
318.40323300564563
318.48114800367125
318.6385476221572
318.7608932825393
318.8078597472336
318.8963832206068
319.11786123553475
319.2250386741479
319.8519192256691
319.96086715665365
320.44624033191934
320.86185352980715
320.96082866821115
320.97905801076405
321.01174648691654
321.17794902466915
321.3951066542259
321.5112422097884
321.53294195422893
321.5864148506734
322.3194947115432
322.3790548601282
322.5118821001277
322.5649504667886
322.6508676493164
322.75749875834055
322.8876878602306
322.93061425848373
323.011159709551
323.0761625059228
323.4744238369682
323.4867907087164
323.8681853763048
323.8976743330155
324.4633670096166
324.6105330220298
324.6812118065159
324.70183123422197
324.7188577637831
324.9855760377803
325.1048590634754
325.42653133542717
325.5117123875425
325.8224775058424
325.9588706305954
326.3951099554246
326.53218328673904
326.91892821505775
326.9461263408175
327.1970214187718
327.2356163995931
327.3259865660935
327.47125774975757
327.5317334903957
327.6801606191671
327.71516681680913
328.1139744547985
328.20859705221915
328.2775871749922
329.1487937213606
329.23960957544824
329.3087709986609
329.39724208387577
329.42128268359863
329.65783589085504
329.80905972920795
329.8364543046563
329.8638469727406
329.8759138552831
330.09242771274694
330.17759171878436
330.2178768329845
330.48389317301854
330.71680730932604
331.0379228613326
331.4085513698309
331.5213242090806
331.61591324131393
332.21656451648334
332.66299735699585
332.91436955557526
332.98684691545174
333.2336204479771
333.3545451789683
333.4951828762284
333.56569841620023
333.67065901510745
333.96613466441266
334.33297007807613
334.60457659570807
334.6550465442929
334.70317368082493
334.73222153717353
335.035400310981
335.1081708578026
335.19606577940664
335.3273926368071
335.38280449997836
335.46105156307004
336.0016573827856
336.138316400368
336.3500566328498
336.5026042300091
336.68227180460775
336.70952102699783
336.7821809469499
336.8616879170928
336.92266773836775
337.0583924405514
337.22339724738964
337.37299808135623
337.5990162484644
337.6935792212163
337.74799150690603
337.89938173011416
337.9532845455673
337.97625895866815
337.9883031882907
338.1799729065492
338.51280793090547
338.63816609749273
338.7292611982929
338.9466167124147
338.9918228145214
339.31775039768166
339.41340723483535
339.50870400064923
340.1457344021755
340.6249879862641
340.79329770428785
340.89629434739464
340.94006665629746
340.98262634494495
341.0863626493828
341.1546918665806
341.23427627820325
341.43091977572857
341.6051007785089
341.71717149540757
341.9132531700497
341.917376034403
342.1308443204852
342.33089936654534
342.3609027592784
342.89693539352453
343.26905582941083
343.3157009694162
343.37709798773216
343.47443796811945
343.83180138555974
343.9679400358266
344.13316714773066
344.28636939147464
344.71577528049795
344.7749869698066
345.3248606318779
346.0825039280901
346.31188743166757
346.48788303903393
346.736397582484
346.7975965457341
346.90984341197816
347.17175294902347
347.2867714328714
347.37307443242753
347.81810575684233
347.8755451638953
348.0932986727267
348.23834382004685
348.4224190840914
348.47009733537334
348.52834053522315
348.5951907213573
348.6244810601597
348.6853365666213
348.71570441389184
348.77083510975353
348.9595272098431
349.1786226332352
349.2137903477431
349.2703265146187
349.35713381575863
349.40162621417034
349.405835897242
349.4484806118926
349.6587512065638
350.1711647511921
350.4750056230019
350.62880418732107
350.64869197004447
350.78802819710376
350.9993235095896
351.0323620701523
351.1423401562389
351.20953924443654
351.25297548741406
351.28831077334735
351.5912572310438
352.0336132793348
352.4424824126142
352.45112775755354
352.88436558622215
352.9775599065905
353.17970819413154
353.8264095347669
353.8606376055646
353.91270022372225
353.95779269288255
354.1846232059123
354.20735828409727
354.3982340233363
354.5696695507968
354.5974037240215
354.6404037179197
354.87284223314373
355.1735233305137
355.2141669459812
355.29469751087527
355.44544238615435
355.5329384749003
355.68253433129536
355.71982705258097
356.02236057048765
356.1282860902864
356.17367472378146
356.18874393483964
356.51545848257655
356.6030948910927
357.2333515391415
357.42888013811927
357.50740917320815
357.5898294769703
357.7627352627881
357.908667364025
358.0205990608325
358.06259649230475
358.07490458003053
358.19072970900186
358.217239016407
358.35577598694357
358.4148967011893
358.55229657474115
358.62143605697
358.66550486874826
358.92209805806715
359.2809724819241
359.3889521162871
359.6139209953586
359.91368756427556
359.9883814258974
360.13919063419337
360.18528694283873
360.20930553357397
360.47704379554466
360.5879742992591
361.44250235197904
361.5917693553593
361.65395333250234
361.6723314813634
362.1820996548073
362.23333196235234
362.2935947498132
362.403429464363
362.4320464685339
362.44475173290385
362.94004107941043
362.9779710784202
363.4088500750928
363.53797634785053
363.6231242205164
364.20326472995043
364.2447557668643
364.26144404472285
364.4187480074831
365.3461465103762
365.50135648701433
365.56518308767244
365.78178582956787
366.25453432380846
366.2739073468878
366.45226695837925
366.4706650707035
367.02896636763876
367.3463850270769
367.5786880121132
367.77941780988004
368.04737911335167
368.1237140002376
368.48364815339175
368.5073722559525
368.55461712505576
368.6972149301939
368.7437339642342
368.77356377360127
368.9601448742618
369.00996240218575
369.04871860453864
369.13661310075383
369.2922280609721
369.3344264503767
369.49584130357556
369.633955687361
369.67919043913037
369.78423540196087
369.8266839824333
369.8545879848578
369.9586988235874
370.0668555541111
370.0747898680884
370.39258591298307
370.4877691778706
370.6796629587206
370.81796580441295
370.99026198951776
371.311488134499
371.40817995558746
371.59016533975387
371.7503057175132
372.1066106683297
372.30820657040914
372.4574300845742
372.5868642643194
372.63699669143415
372.6510112953682
372.9148862205145
372.9953009155005
373.33534845626923
373.5258911661981
373.62862732356655
373.8532010480346
374.0248677996435
374.07538880677873
374.118142700221
374.2106045413066
374.3080548400051
374.5185011669992
374.616176506543
375.01036489416566
375.47716464813084
375.59503615492224
375.6380682334194
375.89196398805245
376.0731938175249
376.0835923996318
376.1867918005149
376.23519481473295
376.27638712643255
376.3961746536306
376.4922275402547
376.5383278006743
376.62080769698656
376.7177136002224
376.74287362465157
376.9674045441556
377.17289324050813
377.6364991868555
377.78676282800035
377.82180583477674
377.9855854427151
378.2960287699026
378.3168820996363
378.502908902721
378.88254881561664
378.9225040589847
379.00447041805063
379.0735323119038
379.8475661505083
379.8695887531455
379.89478436058414
379.9689909969154
380.1074961295871
380.1860907292528
380.27155977717837
380.31427920777287
380.45076247201195
380.49662490905206
380.58703693794814
381.1433267767565
381.18234458440054
381.39292298578994
381.51795055217946
381.98642468226404
382.0072988034938
382.09445867347995
382.1399984371918
382.1773100747292
382.27050374523594
382.4345606509405
382.50654946427727
382.5158692150764
382.54911305751756
382.69874184657493
382.76632703036273
383.1683646650267
383.6947514463849
383.75410499907053
384.06058982333866
384.25735141641456
384.3504886791992
384.4573079757127
384.66494895867555
384.7756452941007
385.4247192320201
385.61843124829335
385.920687375118
385.927025916759
386.3077356532677
386.5460973506363
387.02428185617936
387.2123771890453
387.2301359105507
387.4688066924503
387.53282547166424
387.5896769656573
387.7033344605013
387.90380961125834
387.9677262999031
388.07783730161333
388.1865122225379
388.2267663771632
388.2453979424082
388.3733121355648
388.4719857420293
388.51419347031737
388.68113434141793
388.9294836455365
389.0635461263082
389.4169632488449
389.58712571135084
389.9519143877835
390.2331227804598
390.3657634890752
390.4499869222069
390.98962752920977
391.1514493196616
391.2460251404122
391.2588713337982
391.3262823162274
391.3879945862668
391.47923811730647
391.552550986816
391.6304350230543
391.658104099004
391.70038243857937
391.7401186625161
392.3002737338535
392.80412600233643
392.94260397709644
393.2262841140204
393.27565761775435
393.31284304642185
393.37326661306116
393.59559521588693
393.69329162832673
393.8576711056996
393.8826005274159
393.9969672512454
394.129870676245
394.14387715368304
394.7164210458864
394.8690290286636
395.1896667918058
395.2350246951019
395.3194881295516
395.6591600035981
395.66736131315355
396.0419195194124
396.0548179718053
396.13361350049036
396.23887430757236
396.26776142811434
396.39102594443915
396.4786787714148
396.7004835894892
396.8544423689648
396.8731085189773
397.0632420226907
397.15314108430795
397.2898977200534
397.38927781971614
397.65665723198305
397.79878254902707
397.85686330655983
397.90365881534626
397.96176945346514
397.9927427087216
398.1326779678602
398.2329083037793
398.49776358967915
398.54254704245363
398.57548179404006
398.66872958241476
398.83282538472764
399.2323493980649
399.8568407829961
399.9104100748571
399.9715972565169
400.1213474974057
400.2062960019016
400.39826345250697
400.6397819574546
400.7057458913182
400.7788931091961
400.8397168940702
400.9970864177695
401.0768353427052
401.2145441908437
401.35847639331854
401.4642416325012
401.6973274394006
401.8801487627635
401.98731655753113
402.0120269612279
402.117904717054
402.44463188922106
402.5005586856135
402.6976375816464
402.9209026554666
402.95829348301703
403.08469141218643
403.38962553723184
403.4455950923927
403.57553086932603
403.72733524869665
403.8937994281914
404.54801074659923
404.85352061612133
404.9909352090205
405.2136737476555
405.488525311435
405.6448098926703
406.07699126725157
406.10915374329545
406.43143928008516
406.5131522636397
406.6531142813267
406.9896736732454
407.0789199175139
407.3588285662671
407.3986418208743
407.45487905351877
407.49599947628434
407.886129083346
408.0385500081273
408.05409550111557
408.25258969481473
408.30092186344325
408.3649363620453
408.41934386839796
408.52977467284944
408.59349700126256
408.85744894704885
409.0298384072586
409.09405809480893
409.14133707869803
409.48112356254296
409.5243010068162
409.6139018418178
410.3462034594859
410.5704539643229
410.584813334874
410.8668170641596
410.89661214715545
410.9243847891418
411.1029689076241
411.1260502951178
411.1467020290462
411.15303963943046
411.410637688385
411.5571251013825
411.66044318247384
411.7902266456405
411.8175933252983
412.33917311243766
412.42248560425463
412.45973958950293
412.70748088086134
412.9422084495667
413.24619308402146
413.36780749342995
413.4075270640054
413.4633166442835
413.5663415684086
413.7794635560736
414.0033320780733
414.02445742776246
414.2205405996033
414.35042550676314
414.8038908750027
414.9065709388783
415.0205899371306
415.31437302810735
415.4204595277711
416.32693004440677
416.4229372328099
416.5967692893214
416.71377178142404
416.7298899625661
416.7852985831752
416.9308740121827
417.0090113531373
417.0419564118663
417.1073903424903
417.2216145905906
417.3331693063354
417.3469996813296
417.35372113454036
417.4303349991874
417.49753323034156
417.5982906242876
417.65423595034633
417.7018452896182
417.8439200676849
417.85473058420314
417.87715016942184
418.1976096363605
418.5332576277587
418.6105066723202
418.63078705472617
418.6349702045581
418.7169212393745
418.8629210897756
419.28427506932
419.37287390880357
419.52247432870286
419.5811180137722
419.64033461613576
419.9203549982153
419.96265566914406
419.9791750286678
420.0275421163479