5.035269150520991666e+00
7.512371514600504341e+00
9.566009283740440239e+00
1.066545352319061379e+01
1.278981397920535557e+01
1.360267193647436379e+01
1.445957761621284732e+01
1.591111367906268903e+01
1.722253921863833881e+01
1.982218446265564538e+01
2.137752202932122358e+01
2.411947696784673667e+01
2.830124929019816094e+01
3.196878766858594290e+01
3.938297811428570583e+01
4.701484002090496972e+01
6.263784070990794817e+01
8.151494234326209209e+01
1.139077726697577617e+02
1.682299821281885386e+02
2.613783516353490199e+02
4.419944220931366203e+02
7.665891760184969144e+02
1.189088201712044111e+03
