5.271105659074065e+00
7.855963005457010e+00
1.000491463866057e+01
1.116311740003736e+01
1.335445586129936e+01
1.432833344009269e+01
1.522672252577987e+01
1.669285564286731e+01
1.737226517188316e+01
1.817886370893223e+01
2.006340491038138e+01
2.091000353006752e+01
2.094064724658391e+01
2.208215445066400e+01
2.268842550654248e+01
2.533140171856125e+01
2.550010773449112e+01
2.567543650355783e+01
2.579658362032389e+01
2.749805845903913e+01
2.788855047060437e+01
2.852053109747091e+01
2.925068988858211e+01
3.043736575661327e+01
3.069430062465473e+01
3.138598307863963e+01
3.205479188522664e+01
3.362611079613195e+01
3.376791653756612e+01
3.380312642926098e+01
3.458428088307186e+01
3.589061497520291e+01
3.620593474737374e+01
3.654732273444024e+01
3.743236323228491e+01
3.771182521348658e+01
3.918057211105447e+01
3.928904202124853e+01
3.966136521366929e+01
4.045074242567414e+01
4.046450648142415e+01
4.055038629116819e+01
4.189618454143596e+01
4.266390325113730e+01
4.307643713543865e+01
4.339405505401392e+01
4.481100150677117e+01
4.543029427327136e+01
4.623245788701536e+01
4.702225500332715e+01
4.717457373935439e+01
4.772874797818450e+01
4.784251028421709e+01
4.801251364595718e+01
4.810183398424930e+01
4.830762356477560e+01
4.856019417097884e+01
4.983741268113206e+01
4.999454191617900e+01
5.029768204170517e+01
5.106652932033623e+01
5.220648272528473e+01
5.272255119404857e+01
5.351445651415055e+01
5.440781699769065e+01
5.448031091221794e+01
5.484538011936498e+01
5.521631811565233e+01
5.554544880799269e+01
5.590857579838343e+01
5.598445515286544e+01
5.625981852937357e+01
5.725677050001303e+01
5.774553684698421e+01
5.804178824420708e+01
5.822137537397008e+01
5.895491187854746e+01
5.964000902561320e+01
6.066068429082772e+01
6.148684445402404e+01
6.152013174740011e+01
6.173389145369316e+01
6.223488129956558e+01
6.249122633197619e+01
6.250156075794909e+01
6.278122431641196e+01
6.396589146093596e+01
6.457822141009169e+01
6.471795734180104e+01
6.487987941210564e+01
6.520415009384703e+01
6.520766619859170e+01
6.565050814842667e+01
6.635825805207502e+01
6.641446479585883e+01
6.685745705672988e+01
6.775296150032401e+01
6.824587071891129e+01
6.974394717700520e+01
7.027554536680805e+01
7.029337452344120e+01
7.031219373928752e+01
7.102801871060956e+01
7.114401792763769e+01
7.123048365913499e+01
7.191705785082311e+01
7.206987231821626e+01
7.240943296421810e+01
7.275610933235099e+01
7.385920213061354e+01
7.392249775365329e+01
7.439838768621443e+01
7.452168183886707e+01
7.452689126972902e+01
7.483338126181563e+01
7.525448316651118e+01
7.586277967038244e+01
7.620347588423857e+01
7.648668852237900e+01
7.656419485683341e+01
7.837145296085747e+01
7.844971525975247e+01
7.877753512460403e+01
7.904583205147783e+01
7.981220122658667e+01
7.981963354968583e+01
7.997093401341520e+01
8.010378191362881e+01
8.021812007499955e+01
8.072018786666294e+01
8.087662800990381e+01
8.170269230940876e+01
8.229396831391890e+01
8.287969541011518e+01
8.312682595037961e+01
8.325567390632322e+01
8.375891217636540e+01
8.489996479132159e+01
8.496211525954200e+01
8.515184330632442e+01
8.540993060129898e+01
8.571829990122812e+01
8.609932444265912e+01
8.611166815269461e+01
8.627952470755704e+01
8.670223609812145e+01
8.708664805432780e+01
8.790067395906875e+01
8.792452413045569e+01
8.851266881568745e+01
8.852469458107186e+01
8.894083023051974e+01
8.905066613094307e+01
8.964972013008955e+01
9.001351679260220e+01
9.014195596154326e+01
9.101203611407038e+01
9.204832216966828e+01
9.253690621209162e+01
9.255040153265880e+01
9.261589593795465e+01
9.291976662747410e+01
9.316829605058709e+01
9.338782416093902e+01
9.461935596383906e+01
9.505092520219155e+01
9.573708876670355e+01
9.585443311187072e+01
9.600363054562210e+01
9.604236479784920e+01
9.615466138165425e+01
9.639072293167055e+01
9.647442845056069e+01
9.678705999251065e+01
9.706507085171080e+01
9.716644451399661e+01
9.776494077211468e+01
9.787143832024613e+01
9.811522285161139e+01
9.846337543797894e+01
9.859906567410613e+01
9.873960652498286e+01
9.984818904722350e+01
1.000676998473648e+02
1.011296858370324e+02
1.012814476837001e+02
1.015129807728015e+02
1.017185503425287e+02
1.021311130129032e+02
1.026951247208157e+02
1.027920925930452e+02
1.029305233144675e+02
1.034552791761033e+02
1.037420368572646e+02
1.042091566559917e+02
1.043072395620261e+02
1.054164254555563e+02
1.054232961134429e+02
1.054490193910711e+02
1.055295669144046e+02
1.064214495061149e+02
1.065197953052342e+02
1.074382790030645e+02
1.077920246493251e+02
1.077991346257608e+02
1.078306407799469e+02
1.079036456197829e+02
1.083569618724350e+02
1.085985674797817e+02
1.086981163708464e+02
1.088613088837649e+02
1.090480450802494e+02
1.091017015228567e+02
1.097288910297233e+02
1.103878064822390e+02
1.108453002269391e+02
1.112047409028411e+02
1.112867188360718e+02
1.114406975350781e+02
1.117009557155558e+02
1.132633091579735e+02
1.133750844744020e+02
1.133852303521491e+02
1.135874907234408e+02
1.140701209377575e+02
1.141151873662428e+02
1.145098826848033e+02
1.149220766007332e+02
1.154713961453894e+02
1.157098901247937e+02
1.157545482237726e+02
1.158212863379096e+02
1.159903398984904e+02
1.165551213277257e+02
1.166720134941621e+02
1.172653405139658e+02
1.179466127414860e+02
1.184052418403518e+02
1.186369591432058e+02
1.187621837279554e+02
1.192787322705265e+02
1.196573370684453e+02
1.196799369618148e+02
1.198365263345990e+02
1.201664948888782e+02
1.202576869432018e+02
1.202927019536109e+02
1.208359700221186e+02
1.209066829183806e+02
1.212601318274309e+02
1.215361939337910e+02
1.216615130595337e+02
1.217204919864115e+02
1.217447546209904e+02
1.218854100497913e+02
1.222037749420824e+02
1.225654628032571e+02
1.232788549154069e+02
1.239725433471531e+02
1.247319780504525e+02
1.252422538892644e+02
1.254911667703182e+02
1.255469065347725e+02
1.259841381380995e+02
1.259902063039728e+02
1.261007518328168e+02
1.267177158543141e+02
1.269234370628226e+02
1.270239901895004e+02
1.276271910289178e+02
1.284318220795541e+02
1.284690069370241e+02
1.284936163806269e+02
1.285385520384548e+02
1.287586709152839e+02
1.290004559898636e+02
1.300889274250379e+02
1.313833158441884e+02
1.316013553037160e+02
1.317538646838671e+02
1.319422933128544e+02
1.323712874175804e+02
1.327649993063253e+02
1.328697083063041e+02
1.329412431398200e+02
1.330435118181794e+02
1.331104807968471e+02
1.332914237983235e+02
1.333283299056716e+02
1.334444563889453e+02
1.335487990853520e+02
1.337366946166232e+02
1.338342031732795e+02
1.341669022995690e+02
1.342065931629911e+02
1.352780705288911e+02
1.352920347929716e+02
1.356297953432882e+02
1.358947933714420e+02
1.359743132484585e+02
1.361360653409299e+02
1.366964337177925e+02
1.368615673587820e+02
1.370560230724960e+02
1.372308354226294e+02
1.372811740978746e+02
1.377024804799208e+02
1.377443609332099e+02
1.384089962265687e+02
1.387054930993289e+02
1.388015490408719e+02
1.392898743835254e+02
1.396805969555009e+02
1.397567103812972e+02
1.403492380155160e+02
1.408490114570972e+02
1.409994122764717e+02
1.412586999565088e+02
1.417772212428702e+02
1.422822803108352e+02
1.423386129818234e+02
1.431323890399771e+02
1.439103572610513e+02
1.441795811572073e+02
1.442363342534475e+02
1.443837191887733e+02
1.446701696160394e+02
1.446799694384950e+02
1.449222308591516e+02
1.450108467659993e+02
1.454164176759941e+02
1.465242972800892e+02
1.465978811164894e+02
1.470225369298535e+02
1.471058600154907e+02
1.471092959312909e+02
1.471518601479184e+02
1.473033388550825e+02
1.473208708439376e+02
1.473383487234307e+02
1.474207120881995e+02
1.475211798212316e+02
1.477013039874242e+02
1.478079165478677e+02
1.483113886126871e+02
1.485972323841290e+02
1.491434884568251e+02
1.492406480267079e+02
1.496515623216404e+02
1.497571266208522e+02
1.498336609347232e+02
1.498537994655471e+02
1.508516195867249e+02
1.509900232284999e+02
1.514365043371807e+02
1.516242879705271e+02
1.516542167320477e+02
1.522979751274729e+02
1.523278356160319e+02
1.540284846291233e+02
1.542612348015645e+02
1.549030897658739e+02
1.549944781242776e+02
1.552709926777717e+02
1.556224038356331e+02
1.559499388606054e+02
1.559966585249288e+02
1.560529808546455e+02
1.568100598831465e+02
1.568503327897198e+02
1.569786096245607e+02
1.570232753897944e+02
1.570548998106395e+02
1.572458560878823e+02
1.575643084319607e+02
1.576851205914695e+02
1.577345656864434e+02
1.580270780101673e+02
1.581081149995534e+02
1.583838736386700e+02
1.592258815351939e+02
1.593124197051627e+02
1.594064571423705e+02
1.596225973156691e+02
1.597542315382941e+02
1.598871940305489e+02
1.601828099373934e+02
1.602317980657954e+02
1.604499786235322e+02
1.612741241575740e+02
1.614009413574925e+02
1.614617413591866e+02
1.615997857562271e+02
1.617498555424537e+02
1.617637635803954e+02
1.618577525566187e+02
1.620166794677419e+02
1.622692616228069e+02
1.631936401511574e+02
1.634601410016392e+02
1.637076832292306e+02
1.640705892735009e+02
1.643112647243435e+02
1.643534958313310e+02
1.647862961868622e+02
1.648235360742522e+02
1.649180062261799e+02
1.651047104910164e+02
1.651552581673752e+02
1.662942779974633e+02
1.666958743708359e+02
1.676080284535488e+02
1.678874003805697e+02
1.681425594547663e+02
1.683267001150183e+02
1.690466559011223e+02
1.694027835485062e+02
1.696191116216254e+02
1.697282246322416e+02
1.698940190658189e+02
1.701196133410166e+02
1.702573827127111e+02
1.705012924987730e+02
1.706255691116596e+02
1.709821675450162e+02
1.711511141356809e+02
1.712052078793170e+02
1.712558888336497e+02
1.714490546992067e+02
1.716545210663361e+02
1.718072845636441e+02
1.721627577481529e+02
1.721926627335135e+02
1.725247187208507e+02
1.727367891707599e+02
1.730067996155284e+02
1.732413508269920e+02
1.738628784637337e+02
1.739250721542365e+02
1.744451622375939e+02
1.746333003241935e+02
1.746914940311832e+02
1.750802852752540e+02
1.751690344571553e+02
1.766820074539320e+02
1.768364317675451e+02
1.769028957114370e+02
1.770230081175822e+02
1.771364782801936e+02
1.773290057257068e+02
1.773674282886018e+02
1.778134491304407e+02
1.778708426355784e+02
1.779545097803818e+02
1.779916049742642e+02
1.780293211189207e+02
1.783836292892659e+02
1.787034610659494e+02
1.788143319991302e+02
1.791388833489465e+02
1.792440284851739e+02
1.796980656829453e+02
1.798813087977432e+02
1.800931920175428e+02
1.808981931587420e+02
1.810564971261567e+02
1.812079634938694e+02
1.813644051439095e+02
1.820145978161330e+02
1.821245169715838e+02
1.822091839488388e+02
1.825644107007413e+02
1.827382309234842e+02
1.831482110134363e+02
1.836010620129087e+02
1.836335470997289e+02
1.837262148029986e+02
1.838083535103120e+02
1.838717811999818e+02
1.839980169841070e+02
1.844934544231027e+02
1.848867967968232e+02
1.849617971240028e+02
1.854858919648653e+02
1.855552216634595e+02
1.857902901701452e+02
1.858222092276981e+02
1.858762697103307e+02
1.862327502710570e+02
1.864978710288566e+02
1.868517951207249e+02
1.869857768183393e+02
1.870780960541905e+02
1.879842370431074e+02
1.882315704099772e+02
1.883525143937874e+02
1.884668623309410e+02
1.888584604866820e+02
1.889504804464230e+02
1.893179105757389e+02
1.894217558090262e+02
1.898201283832020e+02
1.900502621706090e+02
1.911274687012900e+02
1.911940172993002e+02
1.912166261358441e+02
1.917760248999745e+02
1.922155071420492e+02
1.924592158310054e+02
1.928207131432726e+02
1.928839015731373e+02
1.929843523904969e+02
1.930194807137147e+02
1.930507796915087e+02
1.931701025748106e+02
1.932111373807606e+02
1.933852032614383e+02
1.936059463026178e+02
1.941213597778845e+02
1.944158953055461e+02
1.944415070908669e+02
1.949208818759868e+02
1.950991975358065e+02
1.951922936733686e+02
1.955960812618275e+02
1.958533379393276e+02
1.959509307201572e+02
1.961097947355649e+02
1.962979396474043e+02
1.970349938492008e+02
1.973919066192431e+02
1.974359321096838e+02
1.976011800650389e+02
1.977779549855664e+02
1.978762993602456e+02
1.981574883835621e+02
1.983711426901571e+02
1.985081667207795e+02
1.986319983457412e+02
1.989495830648181e+02
1.990843775001459e+02
1.996241984730230e+02
1.997290951188785e+02
1.998298632597989e+02
2.002622695111309e+02
2.003101163092998e+02
2.005825845447218e+02
2.008301423892876e+02
2.009307811957443e+02
2.013382207025271e+02
2.016589594395494e+02
2.022354196752842e+02
2.025000506118628e+02
2.028514124908943e+02
2.028695982877674e+02
2.032849021142751e+02
2.036482577432997e+02
2.037136743616685e+02
2.037814952563933e+02
2.038341556928607e+02
2.043183588358856e+02
2.048032307814691e+02
2.048725802024827e+02
2.050972574975138e+02
2.053536179725104e+02
2.056620206404034e+02
2.057656967498722e+02
2.062899275452063e+02
2.071930003482259e+02
2.073251810195525e+02
2.075188028442196e+02
2.080340623060592e+02
2.081523523786190e+02
2.082525437895553e+02
2.082940142099100e+02
2.084122800071199e+02
2.086040369887583e+02
2.087187433927531e+02
2.091239958418392e+02
2.094130811544624e+02
2.096969038653799e+02
2.097970549668254e+02
2.099517559356511e+02
2.099618527983436e+02
2.100983820235226e+02
2.101322726152475e+02
2.101417263420896e+02
2.102941114042696e+02
2.103141786698757e+02
2.104562681006925e+02
2.107686765389924e+02
2.107812264843764e+02
2.121218380045506e+02
2.122353651932237e+02
2.123306116018433e+02
2.124371404687108e+02
2.126712572775452e+02
2.126899705714356e+02
2.128227172526587e+02
2.134902968416644e+02
2.136187083222951e+02
2.137410175751626e+02
2.138559055351144e+02
2.141730521743514e+02
2.142528533858069e+02
2.145874182269412e+02
2.151310499567609e+02
2.153870580378125e+02
2.155376959296848e+02
2.155920605359690e+02
2.156076293987777e+02
2.156649549490912e+02
2.156911341877188e+02
2.157788241672498e+02
2.165017385562342e+02
2.166701384247987e+02
2.167383229299755e+02
2.171685478245151e+02
2.183634976610475e+02
2.184700269004015e+02
2.188436069380879e+02
2.194446249676731e+02
2.195124710967448e+02
2.197654816741978e+02
2.198778947688895e+02
2.199045725462968e+02
2.201210715590011e+02
2.201681903330714e+02
2.204829322131471e+02
2.207235183468156e+02
2.207990535667327e+02
2.213317501895177e+02
2.217270969341559e+02
2.222397110512285e+02
2.225935447466052e+02
2.227698060646395e+02
2.230975996002470e+02
2.233430924916703e+02
2.234068157381994e+02
2.235481865464060e+02
2.236603983504415e+02
2.241526658400016e+02
2.244646242515500e+02
2.245540287518751e+02
2.248709591636452e+02
2.249724659415519e+02
2.249926007009823e+02
2.250539272013723e+02
2.251395216172214e+02
2.252020536383927e+02
2.252695801974310e+02
2.258187399903522e+02
2.259712090272243e+02
2.260155740860900e+02
2.260796723039826e+02
2.262856210185508e+02
2.274868750558106e+02
2.275172600876859e+02
2.276303723462405e+02
2.276743561215724e+02
2.277884734649558e+02
2.278943292159680e+02
2.279614708920834e+02
2.281088551975099e+02
2.281776861412582e+02
2.282626826095314e+02
2.283829535919851e+02
2.285492214384341e+02
2.286958347241994e+02
2.287665656818978e+02
2.288589754822741e+02
2.297184236994281e+02
2.306004694452240e+02
2.306690730736237e+02
2.308705695192598e+02
2.310021359055883e+02
2.315781240386159e+02
2.316498909569694e+02
2.316920566300599e+02
2.318057949247678e+02
2.318519900247961e+02
2.319918825215119e+02
2.327629640679798e+02
2.328949105740710e+02
2.329921619793550e+02
2.337140708859877e+02
2.338797431035254e+02
2.340484613501839e+02
2.341257051145523e+02
2.342474215902865e+02
2.343617195817730e+02
2.346852644044230e+02
2.349231797690433e+02
2.354918841409730e+02
2.358606719076213e+02
2.359695973879485e+02
2.363101649663690e+02
2.365473730308579e+02
2.365791480486373e+02
2.367757848623034e+02
2.372827075992621e+02
2.373010047160621e+02
2.374547262649678e+02
2.376738432769669e+02
2.381839880708085e+02
2.383278231815736e+02
2.384967013035142e+02
2.385445919290645e+02
2.389335391424074e+02
2.393032930472719e+02
2.394918540165721e+02
2.395916798394618e+02
2.397624244498574e+02
2.399559826106907e+02
2.400240886575115e+02
2.405062708913695e+02
2.405712145111196e+02
2.407184271656308e+02
2.410387910107820e+02
2.411284577109643e+02
2.415040876385494e+02
2.417145923109704e+02
2.417771836114699e+02
2.420986347207499e+02
2.426036417452345e+02
2.429186238216271e+02
2.430848106970688e+02
2.432559742037640e+02
2.437709007523257e+02
2.438487420368569e+02
2.441265705533735e+02
2.442434645981477e+02
2.442948379835274e+02
2.444578863769717e+02
2.445008198497110e+02
2.447073305163777e+02
2.447711290741705e+02
2.449935854529881e+02
2.453964904501637e+02
2.454652780862123e+02
2.459922086957369e+02
2.460357333512155e+02
2.460674222015858e+02
2.463095102039014e+02
2.464072552139361e+02
2.466675995193282e+02
2.470769399355098e+02
2.474481529942969e+02
2.475930882590528e+02
2.482631440024423e+02
2.483075055276911e+02
2.487168619835942e+02
2.488545222776989e+02
2.490351945423998e+02
2.493933164410523e+02
2.496742095005042e+02
2.499283485211850e+02
2.500581577522485e+02
2.501498360494872e+02
2.502755081598816e+02
2.504761115585394e+02
2.506604755986646e+02
2.509496386044624e+02
2.511208129146333e+02
2.512727904715835e+02
2.513258273529167e+02
2.517214012877926e+02
2.519609186315686e+02
2.520330738961536e+02
2.520651834609722e+02
2.522300345952159e+02
2.523398859050287e+02
2.526541946999286e+02
2.527140293708466e+02
2.531184048055374e+02
2.534032403332785e+02
2.534081985758521e+02
2.536659341421087e+02
2.537922811073904e+02
2.542447889589678e+02
2.542825700792127e+02
2.544864141620399e+02
2.546547968022213e+02
2.548407153438909e+02
2.554479562040031e+02
2.558191660027519e+02
2.558972427547168e+02
2.559937434354380e+02
2.561022523281403e+02
2.566217426168081e+02
2.568312089631040e+02
2.573567334539237e+02
2.574691031485909e+02
2.575785763831221e+02
2.577466021648954e+02
2.582224147745916e+02
2.584365697265515e+02
2.587365406477183e+02
2.589504164882390e+02
2.590529580706639e+02
2.592325360755122e+02
2.595728397631362e+02
2.598197201823018e+02
2.599494255538406e+02
2.605132720564561e+02
2.606216331946560e+02
2.607971895865808e+02
2.609486246041794e+02
2.610781480662941e+02
2.612242371500390e+02
2.612563879113555e+02
2.613540865201272e+02
2.614781396977548e+02
2.616774166375677e+02
2.617291854497992e+02
2.619310143232387e+02
2.623158168908859e+02
2.634685394494550e+02
2.637162312209824e+02
2.639351252051109e+02
2.645598265888190e+02
2.649440685181154e+02
2.651898819287176e+02
2.654230779940111e+02
2.654657751310664e+02
2.657227612521998e+02
2.658437254414372e+02
2.659847861160789e+02
2.662114609524587e+02
2.662723520344377e+02
2.663705851714888e+02
2.664222806730638e+02
2.666063042093876e+02
2.666373266753511e+02
2.666807504394412e+02
2.668594879940420e+02
2.669931980801537e+02
2.671377197488303e+02
2.673339945296116e+02
2.678189704476322e+02
2.679188465851581e+02
2.681635229750273e+02
2.682729617967051e+02
2.685244239477136e+02
2.686977135332975e+02
2.688358047254536e+02
2.689152400408450e+02
2.691733286376411e+02
2.696279355430676e+02
2.697524413222601e+02
2.698527630064079e+02
2.701133554349846e+02
2.702248452007007e+02
2.703053110631052e+02
2.705859948487556e+02
2.707750004534707e+02
2.711186803015465e+02
2.711743349031787e+02
2.713170768783572e+02
2.714046151055315e+02
2.718535615791402e+02
2.719516201052480e+02
2.722469093707003e+02
2.727245310769229e+02
2.729264885400797e+02
2.730069558032852e+02
2.731748091769600e+02
2.734947475383182e+02
2.735928128434500e+02
2.741977812706618e+02
2.742686349276235e+02
2.743603271251525e+02
2.745672509337150e+02
2.746199653795377e+02
2.751471523204089e+02
2.753939366148496e+02
2.762497448602838e+02
2.767929406010978e+02
2.770091648355224e+02
2.772351238897191e+02
2.774220724744966e+02
2.775816282397384e+02
2.776722043142789e+02
2.778333925767437e+02
2.780312984293972e+02
2.781469174787383e+02
2.784167366916496e+02
2.784640765104606e+02
2.786004182218409e+02
2.787236550522064e+02
2.788857509553945e+02
2.790420299290088e+02
2.791079492636080e+02
2.792141482036852e+02
2.794637382291027e+02
2.795788268722744e+02
2.799070323318412e+02
2.800181337686392e+02
2.801427752296507e+02
2.804535100075948e+02
2.807227123285047e+02
2.808270358821534e+02
2.809717903342806e+02
2.810474984264986e+02
2.816137757250232e+02
2.820965468190216e+02
2.822772543493156e+02
2.826156504589205e+02
2.827778842223781e+02
2.830338676128767e+02
2.830573589379895e+02
2.832325852804167e+02
2.832807927434222e+02
2.839723494265165e+02
2.842618792113443e+02
2.845433796129608e+02
2.851621506717446e+02
2.852708159930790e+02
2.854359997862299e+02
2.855112211831838e+02
2.855562859465637e+02
2.856638018907554e+02
2.858876921851237e+02
2.859247792153798e+02
2.860981342173747e+02
2.862090678463221e+02
2.863232156321374e+02
2.864084231826737e+02
2.865161469437767e+02
2.865700640357002e+02
2.867374973977025e+02
2.868187851461028e+02
2.869183974738150e+02
2.876369082533363e+02
2.880459329516300e+02
2.881845265332119e+02
2.882296231429921e+02
2.885524210554501e+02
2.888873557561975e+02
2.890181061464083e+02
2.890528131646556e+02
2.891369695704855e+02
2.893728049915565e+02
2.894844154333234e+02
2.895704707423706e+02
2.896706263281102e+02
2.899407906870946e+02
2.902904953755366e+02
2.903863290792270e+02
2.908420687463207e+02
2.908786759138811e+02
2.913962875243944e+02
2.914991149086364e+02
2.918127367838197e+02
2.918762747679522e+02
2.923037236444976e+02
2.924487083818763e+02
2.926364391602702e+02
2.931458732449757e+02
2.935076349461272e+02
2.936486199364697e+02
2.940982723093519e+02
2.946784034962807e+02
2.947456426257878e+02
2.949958976630600e+02
2.955010147463251e+02
2.956259972042737e+02
2.957840663556916e+02
2.958700200242577e+02
2.960138466919150e+02
2.961728983222018e+02
2.964027474872509e+02
2.964883966483649e+02
2.966476610737216e+02
2.967521158666385e+02
2.969442551359596e+02
2.972682437784936e+02
2.973554234423683e+02
2.982333253196284e+02
2.982507215652079e+02
2.983528470585508e+02
2.985579626693369e+02
2.986166221532508e+02
2.987775359623759e+02
2.988574085259136e+02
2.989646764193507e+02
2.992542568051795e+02
2.995479230207627e+02
2.996816954697359e+02
2.998476367064256e+02
3.002046906516635e+02
3.005808120483979e+02
3.006038930746412e+02
3.009206723474182e+02
3.012167252889918e+02
3.014226664850483e+02
3.015070288901139e+02
3.015248769049315e+02
3.017454443824739e+02
3.018105624159535e+02
