5.304786325301038
7.907090829824384
10.076250905626317
11.231056420690145
13.447585859728242
14.407515851899035
15.313236710180288
16.81120211517686
17.4919085300199
18.29001605802933
20.169932250423166
21.053279214278824
21.072416807019046
22.224263546413013
22.817340299730965
25.50416515253012
25.65799915083353
25.801255572575112
25.97019773910376
27.664337003255753
28.035740207551328
28.646859940252316
29.430893383785087
30.632728575893317
30.88099812332493
31.588304489033202
32.19737135472543
33.8128629501759
33.94045676364097
33.96592070988772
34.78715942683546
36.117546790069
36.4236361602951
36.73944976828086
37.61776699873636
37.934093582899834
39.33536531819526
39.510478244164965
39.84214124313167
40.61957041539096
40.669826703746985
40.789186492208074
42.143361315888725
42.90915632466094
43.27797491948378
43.59961886679126
45.034948366152335
45.65215487030876
46.418995887795475
47.17425378186352
47.41628491333549
47.84894843236105
48.003577260167425
48.23554836408886
48.32175042638536
48.572760260320585
48.81456164187347
50.10606749087591
50.2148302360199
50.50768127181687
51.31320720734872
52.44646086549412
52.92427968742311
53.68861040571841
54.581550477491206
54.700615174712524
55.06614665140406
55.490282221496855
55.68837196226777
56.122862095054835
56.16393261891497
56.47866763592521
57.45030708309387
58.011670889163696
58.258691966207955
58.429564522661025
59.108524782046
59.880633934530444
60.87273652084204
61.6668954881822
61.67034628779427
61.88150903133594
62.47097318387866
62.69201933872228
62.764533650524136
63.03635520463695
64.22442867521029
64.81035936986598
64.84916451592969
64.98305069224357
65.36252559828571
65.38077991350816
65.85905822032004
66.50125020454904
66.61146544715125
67.03542312158426
67.95982936910667
68.41366502340048
69.84554594194681
70.366575153078
70.48285701080388
70.56013205570103
71.23302427072105
71.2814713834269
71.39589307510356
72.0266651687833
72.03604031396495
72.57192792951838
73.00428251750148
73.96349496004572
74.10071890829076
74.51519250773795
74.55530655735227
74.63128715540923
74.9346735550915
75.40723635829025
75.98602603996387
76.32736961208684
76.6286040729385
76.72079984401614
78.48683649859399
78.55543614800662
78.96794606396182
79.13364571274148
79.78326845618378
79.98652946646847
80.14528911763401
80.16388102421627
80.2236801850016
80.82423164712226
80.98396052995409
81.73064218166284
82.44626366894228
82.98491206937167
83.13580537071142
83.26822551684171
83.7940307125707
84.83056796971057
84.9968288913672
85.15753893972948
85.48541650282617
85.60869748884399
86.1383923116394
86.14734531483904
86.29703898594184
86.7089132954281
87.20211652931509
87.8229941526965
88.02249465823206
88.48067861994157
88.57317801535125
88.94170539856259
88.96033739951923
89.78131486381314
89.97970337547513
90.0296373689484
91.00046246740874
92.02816114326555
92.42953647365016
92.56510461911598
92.61218249634443
92.85043087456117
93.01806123575393
93.27527200531603
94.43937690341616
94.97376901941743
95.59165796941609
95.79802160107852
95.8539536535555
95.97543257158755
96.00336026043313
96.28987869702276
96.46647678524754
96.78279994732078
96.92701722653855
97.07309941602405
97.75127887898245
97.79261943736799
97.89024016751469
98.31771730644938
98.34269961828547
98.56643740891673
99.70838589936102
100.06438464719845
100.83153824125704
100.93490839624117
101.18789318701765
101.29995464894576
101.96515007961327
102.39414445668059
102.58241610226001
102.79277591399605
103.21423933131807
103.53352167631682
103.87576012705279
103.99598551361366
105.15022262181263
105.15497538027368
105.16687635938516
105.33470955233777
106.18860407848507
106.34515772752798
107.15541502382631
107.41469138983348
107.51529927785289
107.53175759428737
107.66278104959011
108.2129117265208
108.23439058096272
108.34233022431907
108.36305093700537
108.6097684111219
108.71774361748645
109.36844998040178
110.11161484829061
110.37836702753462
110.85010976677918
110.87425685249788
111.02668756727348
111.25278685333888
112.63867619846008
112.88180489389708
112.95469352505667
113.06722752784283
113.69974938289019
113.71346392754269
113.9062466343016
114.58438264154293
115.17925205145626
115.29146603809208
115.36178051157133
115.4252349204881
115.43561833587123
116.02637314287739
116.24031880614741
116.87563885064077
117.12261117726672
117.764259655422
118.06446442985865
118.14353644335984
118.78687700818699
118.98748601860807
119.0770260826661
119.33242787629365
119.66097423806063
119.66452084499093
119.68116266411738
120.07576084528289
120.19114911723746
120.60243686206069
120.88997926664362
121.03586797629615
121.05964929462498
121.13503924356989
121.1577916845126
121.55985806899065
121.87258838438113
122.66933200806743
123.24935495110442
124.04551990655472
124.4109442402548
124.61887173893635
124.8662841746301
125.10563499684936
125.31731365296464
125.42422392337231
126.13392131403536
126.16117386059835
126.24747804581645
126.92762713724598
127.4202768639899
127.57495028169326
127.61817593290804
127.78507757441479
128.03674994387896
128.16240193027784
129.36321688626307
130.38624477592586
130.55906879120937
131.1272249164698
131.12820636517918
131.40134778737425
131.7598778205958
131.83768434234753
131.88657918265528
131.92531026648288
132.03051717771027
132.32870753543398
132.42639145881753
132.45545266297032
132.51011219251308
132.81141066491153
132.89044838518146
133.126802917142
133.19732285729808
134.25049507501578
134.2849677590558
134.68062154001612
134.74999909379423
135.13119340779238
135.15141446065795
135.3661856883261
135.78917081783274
135.81312079106928
135.99379940652088
136.30280127800708
136.47331840272147
136.52937063395828
137.462721609192
137.6002984438702
137.69973513600803
138.1973755878513
138.30767661985783
138.3363711727311
139.05134063737535
139.58910679317225
139.9195589650728
140.08391755231918
140.43822756642138
141.12214708929656
141.2404746396222
141.82827176850924
142.5034730029305
142.69422396489884
142.82183286368098
143.05060644013912
143.23073277201877
143.33102171739898
143.47510562196499
143.5252756233104
144.22027123872226
145.16082718803938
145.22710361422438
145.32838829468795
145.6763197912215
145.7847973252691
145.84694313564165
145.86146808118983
145.92792420434387
145.92906309758186
146.11916128413947
146.17642295643276
146.2159174796077
146.2764503743897
146.57145183469217
147.30044311731933
147.5879143727172
147.8339431767441
148.07320863999323
148.07533410333448
148.3100928772945
148.34379817705639
149.2539961014529
149.53276971701845
149.73473138172412
149.76129149922508
150.22499044995783
150.66263629808827
150.78909350726175
152.3109166705528
152.70327369178514
153.05698984182447
153.16548510463747
153.69067641178424
153.7684977466589
153.78914007313193
153.92389006707305
154.0091603412659
154.85050390811182
154.86871009087963
155.09478691884982
155.11361895506764
155.25474605259313
155.32594029697054
155.43190026404434
155.50238754753417
155.6500700848648
156.38135191654914
156.6033227236339
156.7347913832168
157.11715219149252
157.3561005753303
157.58929337926398
157.87853975096783
157.9038795938484
158.01726092621723
158.20043377606547
158.23417279209485
158.36876601579334
159.08464779036294
159.3583630904116
159.41016734509049
159.81823464653957
159.86892725210072
159.87594625987447
159.98314447715344
160.05062650805687
160.17564896283744
160.82478885612963
161.27573761328728
161.47556190362147
161.9164951041635
162.24891164713387
162.33223853316017
162.59626241350168
162.6045637606809
162.7624245828942
162.8794686771749
162.89945103837044
164.02293131299723
164.65953327460284
165.18715294460404
165.48170925001045
165.63422727073416
165.8912915206049
166.9171811351749
166.93720959810423
166.9924903618235
167.26339020891166
167.35642316255368
167.5717542037383
167.6310574957544
168.25797466545848
168.3155910652044
168.33944538407206
168.52390922997105
168.62105127448444
168.77133653197959
168.85520014846873
168.96376296313898
169.05125282512256
169.6007995469267
169.93852909027882
170.2221910880649
170.26149491323508
170.46537458191614
170.64564937128017
171.17833717837854
171.35247843627624
171.80821915853386
172.20515735626657
172.297707932403
172.53918849222381
172.7245680117787
173.61486347161429
173.6243935054389
174.28290119712858
174.4648560891675
174.49969823427554
174.57361087765426
174.59550107425352
174.60133393916806
174.72866842441326
174.8820793282121
174.9899957142706
175.46107172763098
175.68445885757038
175.73841136743317
176.15052805721527
176.20802001426506
176.3107282202223
176.9701275798443
176.9774204899489
177.05502427213602
177.8445577514887
177.87076092570373
177.92673829988613
178.11086438465335
179.30047348306235
179.43832619356954
179.587477791802
179.65565208911678
179.86421023691116
180.0711681574314
180.44314983049065
180.47440705780468
180.73581219710135
180.82943864837083
180.85335971813205
181.06610738198418
181.1307349700097
181.55918100409048
181.64812520865775
181.9663951402353
182.321715586981
182.40827263657295
182.48304772213677
182.85454186194727
183.13810519241622
183.14256949212006
183.32563177886493
183.33041813800497
183.51845102184703
184.57064970326672
184.86788096265687
184.88464006867713
185.33433981763284
185.4255922675441
185.82680860161832
186.0258949402487
186.11052688119327
186.19802928022108
186.78687101939028
187.3698648219793
187.47924453711144
187.78003306182418
188.15451867443826
188.2812819889096
188.45029725072288
188.93198336304798
189.1015442866226
189.18544409313725
189.69845372287895
189.75169046333136
189.7594845780544
189.77696095906742
189.8243676049267
190.2096090596878
190.26977151909608
190.4603165674202
190.47011640985977
190.7543189874378
191.16129581738866
191.25722415054025
191.8999858680598
192.14020756909937
192.3268736144317
192.36047887110576
192.5382046247296
193.25193434754303
193.55660947645111
193.59719009773366
193.81440736834122
193.99603489269256
194.27374694191525
194.38758684509742
194.50133600297022
194.55413496035368
194.70605779661392
194.84657750628853
195.19902340223146
195.3432221800715
195.37961125665117
195.43053529056132
195.95482674900336
196.22522704124796
196.55389534934403
196.75097733769672
196.81382935202458
196.95598059400334
197.1325693902946
197.8210266123207
198.1833517869304
198.4487545921603
198.49557692653448
198.59855022360878
199.07670605889794
199.22307558035666
199.26969811621646
200.09718596577346
200.3546011619662
200.4786458979562
200.49148907983414
200.70713239659747
200.79516844414357
201.12304948131305
201.23125520663655
202.16047759641555
202.46834597923015
202.7152204404231
202.72852070693395
203.38143331319142
203.43302501145496
203.76568426702335
204.029775243049
204.114644211417
204.21522734121305
204.37944160957912
204.45841587575973
204.8368081497991
204.96678138288766
204.99031055688698
205.27675848822022
205.43908660803385
205.5613666040973
205.60210259404312
205.64883625059724
205.6787234873593
205.71165182368452
205.7262759199597
205.794930171433
205.80062393848002
206.95220201096663
207.36946958538311
207.5842529613393
207.5993104895084
207.7049316042295
207.85463582513313
207.97112184833964
208.38882069915505
208.66813148980327
208.7161096028347
208.79471804020164
209.0369048658849
209.118299002892
209.8585984761972
210.13165641346313
210.14177474291319
210.30058475332015
210.45708698434595
210.76955844437617
210.85022659081713
210.86432814864855
211.0231360388297
211.09705187846117
211.16273775456096
211.26413802204593
211.85807650253687
212.8803664308244
212.97504897473493
213.40982642440144
213.97524278535403
214.222172352383
214.24543260711917
214.33456453441994
214.4168345963128
214.61865295509224
214.9232029990367
215.0102105391853
215.16290290886369
215.30109430893583
215.5273547854653
215.99545146986713
216.85442244636036
217.02691805518594
217.388664723177
217.54417021415512
217.6827906623328
217.71105157338104
217.75614128337827
218.29920809551075
218.3909742573015
218.4125248569843
218.57305560648956
218.70088517766888
218.96447993072002
219.04755950699754
219.0849184088539
219.5935508989514
219.76540651590616
219.82928400549304
219.97124351254922
220.0187444210738
220.30830485405255
220.34092943610474
220.52223235195234
221.3313671333591
221.8336574906323
221.84349428839838
221.98050744792138
222.05957547201186
222.0922023392761
222.18374693061796
222.19967041125034
222.23811832901535
222.26636580755118
222.3437287161109
222.41542861600638
222.47478708894027
222.55576811317698
222.57823253075185
223.35631730556355
223.9807135000269
224.34472989935566
224.41860162430268
224.55395039513525
225.02153102474136
225.1961988212043
225.729150467555
225.95592232493465
225.97277848962182
226.04956633105124
226.1592187929
226.3877433256151
226.81738102846333
226.91303886648686
227.38217947892156
227.52157711068398
227.6973323204733
227.78074002655381
227.81382452499096
227.96688771400966
228.2285706982516
228.7303528856478
229.16847952877242
229.5358898603911
230.1543359431549
230.1849861760104
230.22182065348997
230.44635608727717
230.4753183330846
230.57908832199678
230.77978693319457
230.8181723146294
231.10776086393224
231.72799931634395
231.77638398559597
231.80610033991186
231.9728740279517
232.05001942404297
232.4425042018824
232.4808053155246
232.6137111982591
232.72510349878746
232.9830137199563
233.29730398163392
233.70340266072088
233.97613273844613
233.99739159374303
234.07546398752257
234.1334421803561
234.30625956389832
234.7748563735118
235.1526522550028
235.38283075425932
235.52188298517964
235.9727269231352
236.37213305943317
236.4989505475469
236.69474313914324
236.71946445074133
236.82955329024813
236.91527688486337
236.94482227850648
237.16223277343883
237.30434449891732
237.4893793044975
237.95146846295722
237.96327522902882
238.00468483260312
238.4899276709774
238.71224371079506
239.22970349604824
239.28933033792435
239.33472384542364
239.4004143015837
239.4075474891442
239.46023630895976
239.84846461016187
240.32161147707566
240.63885611618593
240.78709008319015
241.15113886474163
241.6635466331115
241.69300711629262
241.86035081675993
242.16850628100167
242.19218098479251
242.23154395795714
242.2684403885746
242.49434793685262
242.81567027431146
242.90671664029605
242.98886660240456
243.3369953438031
243.45563614828916
243.68714046189464
243.75041829965093
243.80488568548896
243.85127928584146
244.28032953649264
244.29542858023405
244.47722956534113
244.5910557786497
244.60603099441806
245.25159358207335
245.5988242535016
245.6191561129202
245.699685912662
246.39811420723188
246.6817199327938
246.69342945855533
246.7951102783019
246.89971720440812
247.0225120808852
247.0892208314722
247.37465167099967
247.433075612558
247.9637648621976
247.9730872343059
248.37766265120467
248.55124696520292
249.29142537152765
249.3404092662812
249.41524362320692
249.42276833076767
249.59171273292492
249.6727213595073
249.7117426539448
250.20631858722732
250.43524471719883
250.50978946065385
250.66703658920147
251.54161766411502
251.62553191902862
251.71610796470546
252.06857685493554
252.09695587875206
252.2220874088594
252.2534630798002
252.52455667426074
252.65127715009677
252.80320353849567
252.865334499453
253.31682236902864
253.31846885259057
253.4571457426083
254.42128981214552
254.54858101713634
254.99024041314482
255.2134241539403
255.34278781499634
256.1293270014542
256.37120770433575
256.99707429251146
257.01073944571397
257.04434128322185
257.0601369054644
257.08659361928244
257.1701361085234
257.18475174987714
257.2006915465413
257.52289313718234
257.53550557745007
257.75019961724007
257.7567221224116
257.8981886393337
257.9507615649191
258.02257668638805
258.0725653186463
258.2106797125789
258.3873014646715
258.584459211483
258.6354095896191
259.0008939065955
259.4552914594967
259.53673597721314
259.580146692191
259.6609973625197
259.70506985626463
259.9995650475716
260.2119416559011
260.42444166734793
260.455385533552
260.6599599991035
260.6814750057939
261.4567960669536
261.5990721864458
261.6745380214108
261.95839701922245
262.0435158325874
262.18018687976576
262.2508057086748
262.7024801765231
262.7784273872915
263.22254803467416
263.63713419788127
263.89364757346823
263.9194798596513
264.1533261087715
264.22406940675853
264.2899399407963
264.34729373809125
264.3849913022016
265.3250730068849
265.46289992239707
265.83826979381945
266.0960434579513
266.2323609148453
266.2532779492894
266.48532379274366
266.81352728369336
267.00808846207536
267.10301197904107
267.18249604333766
267.53603856803204
267.6740368747461
267.86180177709804
267.886997009826
267.90461945107626
267.95635398287726
268.13648586787355
268.3008278905901
268.49452882643806
268.53198479910435
269.0881910700002
269.14702920722056
269.20677656310255
269.8930292135401
270.0157256882796
270.25362299722383
270.41358316878603
270.5429211463944
270.9428943646262
270.9689813260076
271.0366150310531
271.149433352545
271.3121156721132
271.6786165638794
271.87434419352394
272.18870744641964
272.4924632477087
272.8212733955835
272.97354314719877
273.0337358849072
273.4515924795125
274.0836621126257
274.2162713622049
274.3223997936272
274.33784017904054
274.44315210370615
274.49372969989844
274.9137785368038
274.9392900327614
274.9924246334464
275.19704050805825
275.208433711347
275.4409531701522
275.44907773942793
275.50252521412074
275.5455440778998
275.6451013204856
275.75152801511143
275.7770851384177
276.0636845614651
276.40354141440366
276.52353370451004
276.53915372398785
276.72924800726645
276.95356334179655
277.40701728092154
277.47439485784383
277.55753595274746
277.654787326374
277.9755544741071
277.98201414059173
278.1945468427771
278.35917907198655
278.7864327037758
278.80736312758506
279.1013138255936
279.1707735892942
279.3252692593651
279.8751701010967
279.89756944264883
279.96651209883
280.95198206377853
281.12302767528246
281.37796506530265
281.54352624656286
282.18053321834236
282.2725496615384
282.468429440062
282.47890048860063
282.6115110398161
282.9299934548237
283.0305474852955
283.15219402866256
283.19909133248257
283.4673191111265
283.5185600225878
283.6260999071005
283.8885301429546
284.2315717801984
284.3057826607824
284.3105965669093
284.4127217601625
284.46465831001314
284.51477264937694
284.9478788161558
285.3519681604821
285.68896327511777
285.88312954564833
286.08318330790036
286.52648637087736
286.5669270173099
286.73898605884165
286.8855842115397
286.91813698067153
287.1372353396655
287.2078990055422
287.27426549189937
287.88708996533626
287.9680905406781
288.04893609324944
288.43266557598554
288.4395342158301
288.4535844647728
288.5422187443544
288.94816481119585
288.9824103320906
289.0779264171956
289.120905161993
289.1830311380281
289.4721252445763
289.51144930093625
289.6332314916358
290.2763588904802
290.3406637413748
290.7612748363068
291.07534175281563
291.1537061329218
291.6005398071647
291.6113619888189
291.7702286246182
292.2026883130795
292.4181930994566
292.6968632180824
292.86679033027156
292.9915526256592
293.01131203652847
293.38085186196287
293.4478373326219
293.4826755932313
293.7136522881729
293.7485964119918
293.87686207910247
294.03808129417735
294.15409724324826
294.27425249654385
294.3771596845101
294.4541246094083
294.59110783156945
294.63549607695364
294.703695240264
294.9377801191456
294.95103861177984
294.9889051546966
295.23981831589526
295.37938393745424
295.46039591255436
295.9068774255431
296.10307685264775
296.12700996912827
296.30058062371666
296.373071732164
296.46527775593387
297.06107603695705
297.67144484352076
298.394337800189
298.71680848440894
298.7340909695592
298.8550978105924
298.9265597243732
299.03855993659437
299.3352926759095
299.6360956718803
299.7132640630338
299.75408255996336
299.90494761177894
299.95531791530954
300.4534338250023
300.6764061347943
300.7310803966824
300.76183946279156
301.00881338815
301.1470568864739
301.1692848890809
301.2472899451763
301.31609277554895
301.3745014342221
301.53102321744507
301.6950580347686
302.2989869876021
302.88287187214945
302.885698932824
302.9397878196254
303.17841045192847
303.40542206414625
303.5123081738503
303.63256327440257
303.9610160714371
304.35537888305885
304.4432508330593
304.5222993598946
304.59545235243434
304.7349814220342
304.76853476154616
305.0587485017879
305.1213675010687
305.125978254658
305.27465257150357
305.4269188913739
305.6819869560387
305.7529294207262
305.80073531294596
306.13876890605064
306.54201813296584
306.78515303326503
307.1435710304137
307.1680597146579
307.2719312461504
308.04164696927086
308.1632547413103
308.2356056417419
308.4483046849529
308.4801506390247
308.4869993323208
308.55643594781674
308.5852700247768
308.6774005220158
308.6889133626122
308.7538907981676
309.57016519155377
309.68536289886487
309.7916031666418
310.20430746932215
310.3375172976194
310.4316275787672
310.7008713776471
310.80534701793016
311.30498289517453
311.3482425585427
311.47792515034024
311.5242585802208
311.5339813484874
311.6961892338055
311.8422755825119
312.1343640145849
312.35734408814665
312.40780912588417
312.5017583969884
312.6504103037426
312.6547527338725
312.6982395085313
313.0694571343832
313.6080702018705
313.9901634713159
314.18821937290284
314.2415820701514
314.3810188186727
314.55389371266574
314.61269789120496
314.68139361122525
314.90860646021207
315.5431149321642
315.72486721215773
316.2840455549133
316.4434398367379
316.7377592139285
316.96892045408106
317.1219408041558
317.2462664966732
317.3167104737243
317.53696502853245
317.6791209417327
317.7621728539792
317.87722608590207
317.88718083683665
317.9979344339051
318.08982449253733
318.34925478402937
318.6193828091648
318.8557251940931
318.9669160701804
318.99294055436735
319.0046570514193
319.105998628322
319.1438975707674
319.3061853541774
319.42580853950335
319.67597333005114
319.8592766709741
319.8840241854154
319.9511906549705
320.029691915871
320.21626947934527
320.804574941366
320.919096944652
321.3643065323915
321.71232063705355
321.78384103058517
321.9663714733877
321.9940986064933
322.09551657766843
322.3232826245781
322.41572855649446
322.7585017633178
322.8251857031638
323.29720695339824
323.4573138832635
323.4866215820682
323.53356136891813
323.618893825507
323.81348229830917
323.9224247653241
323.9938548240537
324.01358220845395
324.1662697488793
324.3373615651607