5.3046763751642265
7.906911109209432
10.075843633990925
11.230726515775672
13.447067931881143
14.407121312902841
15.312665921392117
16.810041775981407
17.49096293473045
18.289267472071923
20.16888083015214
21.051937209027408
21.071310397338923
22.222801006220095
22.816120690302427
25.501310710408816
25.656252865891467
25.799406309966663
25.967882084117676
27.661939574692607
28.033770879241576
28.64490627765384
29.42821108970894
30.629402319412662
30.87811904592168
31.584795909429356
32.19401613478774
33.809269668923626
33.93692522527671
33.96249378520469
34.783466567404524
36.111410095106976
36.41843575434962
36.73508840616997
37.6132510323537
37.92842109661012
39.3296845361386
39.50420413151024
39.83676229474971
40.614042356162514
40.66394237110968
40.783192322218355
42.13602603710245
42.901883015520745
43.27109696616197
43.59243841001914
45.02696974606859
45.644002539181564
46.41111367878972
47.16499044928126
47.40720282763057
47.84126098676632
47.99489189047508
48.22605944917033
48.312746706750545
48.56023517913861
48.80369995163472
50.094289651330826
50.204016603787444
50.49701774267259
51.300638434691024
52.43412704273763
52.91234658385743
53.67667884927511
54.56882172856932
54.68681231412277
55.053350731288006
55.4749746742789
55.67385092253044
56.109295287084294
56.149645518299614
56.46410814782368
57.43534910757741
57.99504556898705
58.24298997410102
58.413653127889624
59.09341549378724
59.863059502103575
60.85490567712123
61.6493772929814
61.651675631215305
61.86312653659396
62.452277795540965
62.67209638487648
62.74084062908208
63.01434627726385
64.20219292895585
64.78580686779502
64.82675606941875
64.96197198515628
65.34131772508468
65.35906133410418
65.83620287721503
66.47829165414619
66.58863490056864
67.01233785991217
67.93450216443775
68.38960040252854
69.82050270221742
70.34145315070896
70.456467828729
70.53137403035913
71.20555334369972
71.2542315827485
71.36764965488882
72.00258438982972
72.00919177790328
72.54177987578282
72.97260010249697
73.93286096662645
74.06947762415989
74.48254024949395
74.52383989063873
74.59810659257148
74.90292462622669
75.37540475817356
75.95352569435995
76.29399714750677
76.59499407890301
76.68499008711534
78.45163715108957
78.51377858017229
78.92737848999425
79.09667374315646
79.74767833860975
79.94137639622924
80.10573202732701
80.12701807675133
80.18675441630094
80.78372206322764
80.94140419322656
81.69017671944297
82.40492130864503
82.94074073607597
83.09219885833615
83.22535102750112
83.75195051051605
84.78516529022718
84.94883944902374
85.11214876170224
85.44010839805381
85.56653965413201
86.09237578220088
86.09758216395801
86.24897861522986
86.66236336726979
87.15094595002691
87.77469253955711
87.97287368821908
88.42925351908994
88.51929220603408
88.89101454808804
88.91022054041424
89.72504218494768
89.92962537612694
89.9753874902514
90.94461311717215
91.97260417748271
92.37235341843065
92.50374120928207
92.55575999397014
92.79425834775891
92.96090430839745
93.21697429306845
94.37838883784042
94.91240391031474
95.53047537280186
95.73252471000498
95.7821303983993
95.9076926355872
95.93940330810584
96.22166903463864
96.39544349216277
96.70534884358301
96.86007834357216
97.00753088615876
97.68425786532076
97.71787929100994
97.82461790005166
98.25184836663773
98.2755983964515
98.49745833039657
99.63475975061257
99.99179219595628
100.76410654789878
100.86406380266172
101.12919765405707
101.22855969550693
101.88836894526091
102.31744820983685
102.50804607437301
102.70993902413669
103.1391412438799
103.45668953552862
103.79314524077883
103.91732524794996
105.06939069944941
105.07198329316435
105.08497745071163
105.24689405727808
106.09890902775584
106.26031715710312
107.06433662381917
107.32332138916358
107.42367468631666
107.44064855044091
107.5701096962592
108.11937105664418
108.1420038901622
108.25316513883506
108.27523195391336
108.52144863150998
108.62868481089288
109.27577427141772
110.01017656619113
110.28911849342164
110.75640786801819
110.78813765464128
110.92929932898434
111.15740077877318
112.5410409378613
112.78632270416773
112.85558271536704
112.96449527696366
113.59471417090741
113.60377803119884
113.79954134879574
114.46726637944782
115.05201096923298
115.18733689845146
115.2560782831627
115.31127429532758
115.32836903759056
115.91706169613336
116.11353906163785
116.76590959106458
117.02511863979896
117.65832796498724
117.95138882410268
118.0243392124077
118.66490327713991
118.8685748104796
118.96112392745043
119.21033197645804
119.53549888313152
119.5385828436144
119.5582514219327
119.96047321117204
120.06650928698608
120.48372764107091
120.76732977634963
120.92021396373487
120.94222606817094
121.01668195280396
121.0272357105823
121.44227314027535
121.7539974340349
122.54236668724687
123.12394998536283
123.91523696800955
124.2765067917703
124.48488215240518
124.72624620577794
124.97260365527292
125.17301314776797
125.27723315525319
125.99250783591766
126.02569284311572
126.10520176755959
126.77853038734312
127.28399983212368
127.4330625685839
127.47255740699102
127.64431778484132
127.90173884796111
128.01083421079093
129.20540652782765
130.23281263693357
130.41228022152217
130.96766422811223
130.96830872188107
131.24980496456396
131.6063058143877
131.69073477034914
131.73774140796118
131.7713308244065
131.8813909286333
132.1789096997328
132.2608521220579
132.28827396446044
132.34077504597147
132.64292680388428
132.72135470944258
132.97334109923742
133.03816225910364
134.09028559444448
134.12224002881356
134.53445710379313
134.56616450635744
134.9296116233058
134.98367630926333
135.23244118695158
135.60035778817584
135.6420331481633
135.82209424233238
136.10557699898365
136.30217523026639
136.3664518233788
137.28361462554204
137.42267862427798
137.51471805364739
138.01735008984576
138.12888675733598
138.15892008825773
138.8719515845541
139.3977717618518
139.7322065925408
139.88610420375048
140.24951752488877
140.93957981084827
141.04008747717486
141.64842776307688
142.30987928051186
142.50125731796498
142.62881534834455
142.8647663462632
143.03989549306507
143.14235902027227
143.28660114385337
143.32021089486113
144.01310870649743
144.95969689735844
145.00541471238026
145.13057353495807
145.48438798687545
145.56758390381455
145.6290188024362
145.64143005819645
145.70810562490513
145.7229520934426
145.89522837073244
145.97446407870876
145.9857273398339
146.0675170089899
146.3854825447948
147.0771207693507
147.384439383271
147.5974268517725
147.8558215960136
147.86071478514046
148.09135743161983
148.122971444652
149.036761125164
149.3041926091552
149.50998593657508
149.53689998694253
149.98110353274103
150.43584697836852
150.55357746442465
152.07618015232626
152.4508395718405
152.81646513211538
152.94086164697092
153.47915391396776
153.51812962483606
153.53028387417754
153.70194991785255
153.76649232175103
154.60447435739806
154.62597431334333
154.85756144588825
154.88262757412278
155.02139339254234
155.07291804804706
155.19019137561688
155.25687142080395
155.4161278257209
156.09388849287404
156.30110006107398
156.47541072019604
156.87569286068333
157.10805147540222
157.30028577214225
157.59933988111783
157.62158778958698
157.7449838080753
157.96137675353853
157.975590195117
158.0898580318853
158.83118401604773
159.10137573739448
159.13548164476515
159.5309195560124
159.58350244876246
159.59468201472185
159.69885038017117
159.7626637095465
159.90491110571537
160.5473627120235
161.0030625206303
161.19750491864366
161.6397305177821
161.94835830152255
162.05294595192595
162.30953693658046
162.3245488137737
162.4831681086281
162.5927038754096
162.6015812485985
163.74679717107833
164.36108602312592
164.90753224668063
165.20421829207257
165.35404580465547
165.56828349149546
166.59480986538148
166.62919795117656
166.68542890654112
166.98334212518526
167.0657445281976
167.27576298866248
167.31825866834404
167.92779998101406
168.00451282952358
168.04226597540938
168.18507206369657
168.32300729136824
168.44737473009948
168.54465993453087
168.66462931816582
168.748788296744
169.28897109809725
169.59922934914343
169.89644955963234
169.9082818728056
170.17558057357041
170.319166679875
170.85361897207915
171.02778247887528
171.4826359811751
171.8485650345396
171.95542424015213
172.18700671898253
172.36787031572098
173.28173675567467
173.33157414212653
173.9358581775821
174.10066569809726
174.12497666282886
174.20642289952175
174.22433138272345
174.32147607647488
174.38932012380485
174.53995682759793
174.669768745441
175.11504007727413
175.3329931461154
175.35865046660308
175.79048910277638
175.87219170235952
175.93309431831617
176.62100603611597
176.6230802142341
176.69707851451182
177.48960631601287
177.50253182708113
177.58030789857392
177.75388458528002
178.92568669685946
179.02568339815784
179.15923896838677
179.28637800839542
179.46574992774026
179.7040847695721
180.0862865927368
180.1296183580919
180.36162163025915
180.42231308590513
180.42355896212487
180.61830487937
180.75051055705217
181.1859088719253
181.2637731768389
181.5909008225263
181.94554269087487
182.00890686840722
182.09983916426137
182.44494309078328
182.72809178599937
182.74980202962217
182.92835692834876
182.9656110165814
183.13871568693872
184.15442546234252
184.4632314727416
184.48519270225773
184.91104159719885
185.0193380332834
185.39411898081718
185.62250547310373
185.7300348384619
185.75034436044768
186.35104824942206
186.99852469314953
187.0852115649939
187.33786528802125
187.75983031238218
187.8600704495254
188.02423704582307
188.51018006440145
188.68284197619982
188.75352854840318
189.2291076052036
189.27120722812555
189.29717749939186
189.30585790848633
189.34847165725117
189.77917057312203
189.7913133246355
190.01444029916985
190.02915484796907
190.32127178691144
190.7231777568332
190.83321214273136
191.45277266688208
191.67817753515948
191.8375869478399
191.92346995515896
192.08352882194868
192.78809475950104
193.10767307806188
193.17230322774176
193.35385660283154
193.49725142404097
193.73289645535297
193.94229728755496
194.00952643379298
194.08514268006067
194.229343109472
194.38970357330928
194.79035323995072
194.89886638790216
194.929417489803
194.94879517412787
195.48697489708564
195.7539561484689
196.0506813596662
196.24324215098426
196.34639578526327
196.5026328921998
196.6506952491045
197.37422736753058
197.6974492731408
197.94653058149086
198.01197279286072
198.1250006287958
198.56850487253377
198.71738937846746
198.79483626691427
199.5484382145219
199.85623117174765
199.93291221989915
200.03245949518717
200.21785599944235
200.27563473119227
200.6022427431678
200.75188909877926
201.6238489924996
201.95016582755034
202.20064175147618
202.214623817331
202.85128740475997
202.90362073791522
203.2078103400968
203.4321763480512
203.51031261705938
203.65998256314532
203.8550952248778
203.8780270179197
204.3106107056713
204.38096539902463
204.45907130220425
204.75061381248855
204.87658521213297
204.93428240920042
205.00991501413375
205.0665686556503
205.08120333823996
205.1022898456174
205.11823588590153
205.26226733943034
205.26418733220981
206.39542689897266
206.8379433838673
207.0353960874569
207.0696824139682
207.1110261768787
207.34692834650068
207.37291808404393
207.86851812745255
208.15534221604798
208.1601089064949
208.2309097741181
208.4864799235392
208.5469771403057
209.24446635915857
209.55355012803585
209.56545586409484
209.7184139431532
209.86101788360727
210.1407701919451
210.23538401473834
210.2598489178205
210.4012497108486
210.5454761436458
210.57916000203636
210.71214062512956
211.28323679661904
212.29075330574676
212.39558603631224
212.80736695048498
213.3730071029094
213.6668898223643
213.67452521257138
213.7209496117117
213.82275513356166
214.01678934263484
214.25495188481227
214.41217991720148
214.52045251876515
214.61254543500655
214.90311883612318
215.3818336757936
216.23770161028978
216.37459547156092
216.7555549178047
216.88038562545128
216.98398474536685
217.1350295098635
217.1762993670834
217.63325283323584
217.73707627909226
217.7506825593671
217.9719036857202
218.09250044964114
218.4062325551495
218.44447253982293
218.46430782264937
218.8632295987908
219.01165733095948
219.12762164748412
219.3231364871697
219.37186457407734
219.6155654363376
219.65395371946767
219.82877804113548
220.65930095795858
221.15825054087284
221.18421499047435
221.34583183659842
221.36905252357434
221.3774982400043
221.42281493561612
221.4696249489102
221.53474071044116
221.5664440286382
221.69908765423403
221.70170858455793
221.84234529253936
221.91984768367413
221.96029566036773
222.68358498890117
223.29474451239346
223.6479378509567
223.71396842540094
223.8904900422862
224.34653898442036
224.49824529597376
224.99907223752191
225.1880535050295
225.24941443415824
225.30748925742148
225.39250860615005
225.72332844205437
226.09292542892618
226.17610982592345
226.68015596187703
226.7952935091342
226.95462289124686
227.06785345153338
227.0692526195042
227.2403953951917
227.54147493964606
228.04388961277346
228.46310385236168
228.82713125659055
229.32360111828604
229.32762697527156
229.40704318483563
229.618920187601
229.73446423266537
229.83366326154714
229.97974261840187
230.08765225978806
230.3725047715484
230.9188010629359
231.02542520804073
231.05037489258794
231.10811061658313
231.30260667384923
231.67513172108792
231.7149061662404
231.9096911727526
231.92113033467237
232.20334760497644
232.65627664872054
232.94581532184355
233.18671825216302
233.21436307835248
233.2678716745555
233.31901609344592
233.44561263766366
234.00335780264132
234.35000329848924
234.59680789589558
234.7447014960608
235.11657024453845
235.54509633918323
235.61341350401247
235.93891072209192
235.95670508214283
236.06314704195987
236.13091023269047
236.1855111561337
236.41539798116557
236.45971909568033
236.59710853749888
237.08511430698422
237.13150248649725
237.23036760327824
237.674579456281
237.88786709357325
238.3333263871182
238.35102257330115
238.41730438536146
238.49057175921635
238.57477699383375
238.65554174332996
239.0304515291991
239.47575219034871
239.82513120370785
239.94528714285295
240.2982915501209
240.73486668929812
240.89607428161997
240.96398418175204
241.38236190771997
241.3968625118702
241.45847866522237
241.46022981902098
241.62994686406134
241.9445969026465
242.0662693005119
242.07283953858408
242.51901830902753
242.56268050965733
242.8162122683305
242.86841585992047
242.9410513495594
243.07320041460412
243.4241200126835
243.452027783471
243.55075887757872
243.62498099747643
243.76022943013032
244.427674721118
244.6858088825854
244.69830531585364
244.77428253939487
245.57599088035354
245.68175320611394
245.6961954639008
245.76759582968958
245.9098263862673
246.0165532974011
246.20309415300946
246.5058438471674
246.54485562273734
247.0613172424109
247.17000332048124
247.4541488695646
247.6766235487775
248.39021521251001
248.4356357576873
248.44339994446582
248.49291306516318
248.58782415368165
248.73863947109555
248.79327713324253
249.29950547773134
249.47037828573065
249.53288668826536
249.70843637176807
250.63000623196967
250.67999969076166
250.7545601361214
251.1629792182174
251.17570585063913
251.27389600873184
251.37265058066893
251.55143641092374
251.76375981479774
251.77465150468274
251.82008922539984
252.25782269019138
252.26219238335023
252.40013397901333
253.43643216975173
253.60839828592194
253.96746299059166
254.24485491837336
254.32443757573824
255.0564201039787
255.4829059390395
255.89162485976166
255.9041816140407
255.96998753213984
256.0065464407177
256.0528020596447
256.15355249026976
256.181075076832
256.237618716731
256.49204233929413
256.52803358014137
256.56894159713846
256.70010303496673
256.71674085908626
256.9170962947023
256.9232217853779
257.0224871807746
257.03606278907966
257.39926673126206
257.6286539668488
257.63688894567827
257.97494479652494
258.3878412488687
258.49672900834173
258.5060151699332
258.5091864582733
258.64584352781696
258.9716143449665
259.168088770331
259.4385767620069
259.45248186962016
259.5819888684703
259.6544884512611
260.35478233249074
260.61277621385784
260.62814725846425
260.8647143027587
260.9039133893231
261.03073882417095
261.10634343870385
261.6664548530526
261.71026771917775
262.2713406806386
262.4390555034405
262.70143410850443
262.8266779831528
263.07793924136735
263.1002076823115
263.17304660574496
263.18948097788007
263.31046984427365
264.17223419142056
264.2471260198686
264.73336097766423
264.96721187529056
265.1139148093137
265.17222003111937
265.37769905981656
265.7293423511041
265.9896301912949
266.09316396242673
266.0990893939142
266.5468063772339
266.55814201045723
266.7496219679117
266.7796052537469
266.7967870881207
266.8912580772157
267.0544958423952
267.25257475838123
267.35588773269257
267.6394259916564
267.9867480558026
268.0098424912409
268.01955277210584
268.6000676271001
268.73265427785196
269.0709653679577
269.2490630702402
269.2876560373544
269.70249836752487
269.8659564331129
269.8949120487809
269.9050242841155
270.1447395554447
270.5520254419177
270.8024953798276
271.04237735561736
271.43235184750773
271.65175514065027
271.693524915284
271.7249235059894
272.2579115594748
272.9532393926572
272.96729309407505
273.1031064021881
273.1494514611173
273.2354396136103
273.251070748793
273.6785835921979
273.689457420332
273.7190079478018
273.82034005400527
273.98334177884306
274.0227913185568
274.0559906482427
274.0681084241383
274.1259042543269
274.2448011183973
274.4382538630058
274.562770314741
274.92910476822595
275.22879478510157
275.3059942955494
275.34253852054843
275.48387192276135
275.74581584037116
276.15952696004774
276.2284941984559
276.36743248737974
276.37929443681
276.7019636126087
276.8454022349584
276.8544257869348
276.9917969099725
277.54583074570945
277.55452206494914
277.8115647899617
277.9014174239577
278.21394133294297
278.55313936463506
278.630460426285
278.7610529266857
279.6645184229997
279.74030508372175
279.9923471138291
280.11370129139306
280.76000591885423
280.82353194214505
281.15230899834256
281.1827009537881
281.4772930151787
281.6185360540412
281.85288612613414
281.87413195764
281.88392956464554
282.11646530623835
282.1959458184868
282.21606850097106
282.51334656145144
282.9217016517862
283.01277721562116
283.08608303426246
283.13060704064924
283.14428364125985
283.4078098970721
283.7010028751996
284.0032043041331
284.33027286391314
284.5579808559188
284.72673328058823
285.19206962826945
285.25225934814006
285.31165416332124
285.3907423244386
285.582738335463
285.5977423138981
285.6513197934378
285.691209024195
286.5321406552736
286.67518498900915
286.69900914604585
287.0488019806497
287.05841902093476
287.0690751533199
287.1634394128729
287.2887836988918