5.304767312643286
7.907050797233719
10.076189583246986
11.231000052445044
13.447449700935238
14.40744680918462
15.31313057483116
16.811024339281126
17.49172788102258
18.28985424003918
20.16973079810115
21.052895170141507
21.07226510685037
22.22396263416806
22.817073219971693
25.50373650335913
25.6576630487113
25.800922213951864
25.96970336803373
27.663771508638035
28.035381708463802
28.646540486003687
29.430541537162235
30.63172457599819
30.880431111172463
31.587564862838537
32.19669858074495
33.812141686921834
33.939702140962645
33.96523277419102
34.786474643283874
36.11668006789406
36.4223679221163
36.738712356981864
37.61708782829139
37.93273476334313
39.33430682498279
39.50958728323125
39.84089130400184
40.61857112388588
40.66847374162069
40.788103432160256
42.14114678061159
42.90762734413734
43.27667600183214
43.59827605771009
45.03324014617561
45.65054374693426
46.41725511966867
47.17242678141993
47.41467417269274
47.84755950307414
48.002201704399816
48.23334842702081
48.320419665885794
48.571115721198645
48.811892459402706
50.103205548357785
50.212417474395245
50.505539675479994
51.311336140120346
52.44374970449248
52.921689495998635
53.686076702994754
54.579020146796886
54.697732990655894
55.0638033697183
55.48577782970632
55.68559792976006
56.12055845922856
56.16113818443309
56.47517556685806
57.4471320448609
58.00782831828372
58.255556008911476
58.42647230541091
59.10632608687131
59.87708105032307
60.87009897534324
61.66324332704262
61.66587594642957
61.87742953048722
62.467287429713664
62.688004035743305
62.76128392031768
63.030833565978895
64.21927014828816
64.80694346902754
64.84451941660338
64.97911204444917
65.35842338386183
65.37583344502377
65.85359169091463
66.49712857855937
66.60636084441136
67.03102444180757
67.95475220301664
68.40905451923823
69.83983227462696
70.3617336920538
70.47808927829038
70.55217217090522
71.2273423437722
71.2750213564552
71.39066448614315
72.02187467296068
72.03197031627998
72.56592326832974
72.99680544365621
73.95742632033688
74.09438600803648
74.5083442958286
74.5496268604874
74.62424987584919
74.92756239207982
75.40270399665017
75.97884950638873
76.32090138040344
76.62162376921866
76.71350017011092
78.47907961519265
78.54985090688457
78.95750327721211
79.1263476460192
79.77740628805144
79.98009037003936
80.13665584401323
80.15708748112928
80.21568441150156
80.81635764865844
80.97405503612408
81.72091613630165
82.4374874895377
82.97570352218179
83.12615871388857
83.25923564761493
83.7856279545957
84.82312420691676
84.98605389146628
85.14790865491857
85.47682280832063
85.60205559971044
86.12809874608688
86.13706201301869
86.28681785676996
86.70117624298312
87.18916442197411
87.81237348107953
88.0117363136991
88.47029782694868
88.56166290580508
88.93016354759915
88.95081129078903
89.76798784699514
89.97113370228723
90.01896280425986
90.99003015457866
92.01964408309819
92.41800600054047
92.55199283762545
92.60013321485657
92.8384401809617
93.00504706555337
93.26411117809151
94.42864204482451
94.96193121581848
95.58083060774509
95.78647353400221
95.844427301317
95.9603784011711
95.98945671564303
96.2761448006403
96.4485816608875
96.77105831508514
96.91341484575389
97.05811396949913
97.73819122932657
97.7729780628993
97.87609467030171
98.30253730639033
98.33030847011658
98.55313243662954
99.69205517384242
100.04821404935802
100.8205197514224
100.9216115661349
101.1785768021849
101.2865774041208
101.94935981548073
102.37887937980112
102.56741955126991
102.77600558071684
103.20238198642534
103.51630447695877
103.85866320070707
103.98158135597679
105.13241397722753
105.1386459854574
105.15055036416983
105.31486361841402
106.16809179990425
106.32613130761933
107.13768966823496
107.39841418950402
107.49541086141154
107.51101239091957
107.64321367956656
108.19173891994232
108.2155020693905
108.32409734711489
108.3433282807061
108.5920194041209
108.69729268765252
109.35091013633426
110.08885012471984
110.363767722878
110.83793024105255
110.85857044280604
111.00458220102318
111.23161109401765
112.61938303084321
112.86444154140662
112.9348455060902
113.04542550009926
113.67792553047649
113.69192997538163
113.88210579262045
114.56705532497949
115.16097180564434
115.26984140516815
115.34168346579266
115.39845573300855
115.41443018870979
116.00396535117629
116.20558859780505
116.85276715938718
117.10877414001735
117.74939152460665
118.04008381808292
118.12053584060972
118.76196735762021
118.96256489550832
119.05077729132552
119.30377005059992
119.6313910831926
119.637864320391
119.65531826702436
120.0526621113612
120.16871022819193
120.58141936372057
120.86643981818402
121.0142057228547
121.0369139970626
121.10856729491
121.1311921112799
121.54211279148515
121.84858540034459
122.6399522170688
123.22209655663507
124.01875390271078
124.38297025122291
124.58938042608443
124.8364308724561
125.08066264995321
125.28858548845922
125.39115713557102
126.10143793194095
126.13550393514349
126.21725629080619
126.89441938983225
127.3998490386609
127.54711740507487
127.5870920552862
127.75467350757607
128.013905905739
128.1267456153338
129.33314867971075
130.35634021588962
130.52649941340513
131.0915364078017
131.09531780351514
131.37388126630327
131.7274077691659
131.8069287306366
131.86830070194412
131.8897065910437
132.0067777856125
132.30061390844963
132.38692586778203
132.41995258473983
132.47710907293103
132.7786442687428
132.85280131724642
133.09579482109453
133.16703030072452
134.21522792817106
134.24951671436435
134.6582942527647
134.7189760483119
135.10437937190719
135.11374366915535
135.34116439226608
135.7408190049593
135.77664085724828
135.95890774144175
136.25033134331485
136.43837708083282
136.50389608807941
137.42236890869856
137.56509935795643
137.66546643158995
138.16631011611486
138.2764036757369
138.306049157343
139.01800085466348
139.5518861486736
139.8795728464331
140.03901838766475
140.3973307988603
141.08048803964962
141.19905793577314
141.80319464389885
142.46729240512886
142.6521472973517
142.78628877632227
143.01297067780848
143.19410362201089
143.28855805410774
143.43409770900416
143.47825270755376
144.17736215826847
145.11560364002383
145.18074066983007
145.29018591343822
145.6473032086834
145.7362683941801
145.80219513720223
145.81291825104105
145.8865053948505
145.88951175554018
146.06840447854123
146.1369175310731
146.16409158972002
146.23306881120868
146.5387416497344
147.24749203528745
147.5542963196125
147.77818154161017
148.02313454506216
148.03365226687112
148.26477253863024
148.29576414433726
149.213102813259
149.48332232079213
149.68862874144062
149.71687042165416
150.1766759184181
150.61787612155075
150.742378436329
152.26771592348584
152.64617820058373
153.01034347684907
153.13064583140945
153.65066697620003
153.7130259953383
153.73650605607133
153.88819456540818
153.96365923622076
154.79864103745646
154.81403616590882
155.04915704362557
155.08444245656176
155.20364272902245
155.2742632636471
155.3797752906614
155.44757729157402
155.6005055992437
156.32702747778387
156.56560936736943
156.67579208007106
157.07763705516157
157.31280624553057
157.5181908357761
157.8183433848723
157.82422482510256
157.96433297001872
158.15681181211227
158.18665354891982
158.3151560440034
159.035660237003
159.30684518953518
159.35496508452496
159.75257501159538
159.80384914515972
159.8202873735534
159.92750548035565
159.98882420908666
160.11434838181145
160.76746794668975
161.2143070998664
161.42158144210723
161.85518337466758
162.18192614564666
162.2687230953349
162.53624278779574
162.54510374837758
162.71104044128685
162.82525340349127
162.83397602411412
163.97866342187402
164.59476282455617
165.13529415576818
165.43229106728273
165.58965020878014
165.8096331002447
166.85617709199033
166.87568885238983
166.93504616634573
167.20605646368335
167.28704281660254
167.51643171146057
167.56802816274524
168.18872984774916
168.2577008214052
168.27579813322984
168.45848416254682
168.55842410755025
168.71297047247683
168.7973777512375
168.91428498185252
168.99097431953837
169.54052853109312
169.862866492671
170.1428390023399
170.1642225281149
170.41082179113624
170.57384136418906
171.11575611495525
171.2830659463572
171.73655713078912
172.13512932437885
172.23768832351462
172.4686822185293
172.6452434420935
173.54830384137327
173.57531364846741
174.21196050622393
174.3805525555398
174.41398966418814
174.49943000168125
174.52295512342525
174.55115109870826
174.65860215933708
174.8106028289745
174.9403028052201
175.3931192449529
175.61067114327685
175.6508607747641
176.07573587124128
176.1570208115701
176.23681907562923
176.89249314175777
176.90911971781517
176.9785547383777
177.7765351584364
177.79194555739744
177.86217763687665
178.04815756191198
179.22497398632282
179.36626198886665
179.52601458470622
179.59393141623516
179.7763137893781
179.99209288665253
180.3738715644389
180.41578580296607
180.66215276969726
180.73551302896502
180.74761320830876
180.9529780727654
181.0591251440333
181.49191390201838
181.5668368023089
181.88308888937604
182.2368439488199
182.3253343550602
182.40150128310722
182.773026632815
183.05317890888148
183.06760609677355
183.2529061171544
183.2588479898385
183.44249675215778
184.49435230708505
184.7896609772707
184.80305079680326
185.23623976895888
185.33426735513873
185.74076506774463
185.9371654035342
186.04757543437935
186.0935660294135
186.70122761370777
187.29320835390405
187.41303275920373
187.68789276832058
188.09912507194778
188.19944399562596
188.3639395912833
188.8511072943243
189.01791133154438
189.09800652099779
189.59532338487136
189.63171253616244
189.66327652850742
189.6883958103438
189.72072534429728
190.12652294960424
190.1613399923357
190.3647888319206
190.3740622382629
190.661980876343
191.0824808566711
191.1760349547077
191.8153053508174
192.05480178606717
192.23386187765888
192.2820000511108
192.4318487184756
193.15051659920667
193.45128042932032
193.51087785184185
193.7113867349527
193.8758580059666
194.1311700224975
194.2904437364559
194.39275484799552
194.45593397935733
194.6119332891392
194.75757304167453
195.145447326908
195.2844423843046
195.28771964354664
195.32926188552767
195.86143262791666
196.11934971018874
196.4671231633459
196.64398921299258
196.71156468670762
196.8590361525289
197.03159162699518
197.75372102653344
198.08930408383367
198.35199591841774
198.40125527666524
198.51074460564837
198.97351521522924
199.126092602605
199.18899148287701
199.98317542738317
200.2578740899436
200.35262616476032
200.40364136838767
200.6116801445195
200.67990688157983
201.02132437976675
201.16189153317015
202.0584633273448
202.3638388531033
202.613274636412
202.61531455868598
203.2714554919498
203.32543113166034
203.66041591543453
203.92062854619928
204.0211291130077
204.13073595951641
204.25760048845544
204.33967735897377
204.73679783140628
204.84204622037032
204.90274523845946
205.17922320004436
205.33387824877354
205.39802507789048
205.4773404283846
205.51655117601808
205.5361207963925
205.5686754842873
205.58708688337188
205.6795766970751
205.69466673446294
206.83941294513306
207.2513934564387
207.47800396877034
207.48368099502412
207.5660464901986
207.81246921021415
207.85608958259022
208.3093686693724
208.58781878654008
208.5974513096647
208.6784828221539
208.91117068755432
209.0116070999727
209.72945525975098
210.0034079584649
210.03661581935026
210.18857273187731
210.32142020154822
210.63236166933308
210.73287832726757
210.737279377559
210.88386057938482
211.01147329880885
211.03340609479926
211.150363974183
211.74281482885183
212.77461858170818
212.8695632748735
213.28511905683249
213.85973600125595
214.10456734921576
214.15913551273954
214.21285952847228
214.28663144210213
214.4881267952916
214.7839972353019
214.89347262324128
215.03594011952447
215.1356508878656
215.40524553478272
215.87559739950044
216.72925853279392
216.88672015194774
217.26130179604095
217.41366978312365
217.55171166610947
217.6223928539392
217.66514438898133
218.16714201918353
218.26133782741655
218.28222751751326
218.45768329273702
218.5829403419684
218.88607805157113
218.93184987131693
218.95215920117582
219.40819928899936
219.56626652446198
219.67345331158063
219.84476567156824
219.88596959672083
220.17439242886036
220.19678923211075
220.37336536261756
221.19854166432035
221.68446273785278
221.71427694695925
221.88689088353232
221.92210758749903
221.95296139325075
222.0208475486377
222.03869067807915
222.06012174915853
222.11509151360582
222.23616524908388
222.28546205046206
222.35006572991378
222.44530215643613
222.47872900286148
223.24027155168523
223.8622497085748
224.20558329148983
224.2848173291566
224.4098609915345
224.90441704637126
225.0569151474028
225.5590513613701
225.81185748587333
225.82475853708164
225.8947406239616
225.98537435124192
226.26518305646138
226.6619708272566
226.76289361308648
227.2377959605864
227.35629284957423
227.5297766402966
227.63400183810674
227.66374934739815
227.82131175487828
228.11470527294608
228.57661028828284
229.02310305269228
229.4020246762092
230.01917298675912
230.04410535350559
230.07044566817606
230.2839176345384
230.31614244180568
230.42462845360924
230.6154563612049
230.68474285009444
230.94461746511618
231.5569127750118
231.6193755377569
231.6516367725054
231.75331890063688
231.9144612088584
232.2766194463187
232.3302108375975
232.5016026042472
232.56601124084332
232.81443262855652
233.17560355874448
233.55086239018826
233.79531338169838
233.83429852714428
233.90066618996983
233.95620168492746
234.13235773270634
234.63289002345024
234.99105213657214
235.22865051082104
235.36320044646513
235.79640668296796
236.2069981893273
236.30217114906202
236.5680029449729
236.57845363917696
236.64282344187677
236.78038186584638
236.79679907833108
237.07048929769962
237.14063438816623
237.2993725336532
237.77511799711962
237.80299522339155
237.83390588318142
238.3363381990871
238.53614116259058
239.0431002279583
239.09138741710092
239.13084845082997
239.19123481489876
239.22541292385594
239.28856204887967
239.67116665567679
240.15639252045872
240.45386738574254
240.63453943625723
241.00788589141044
241.44864495155107
241.5820375474736
241.65133680174512
242.02558169200682
242.03646880706225
242.0726876236136
242.16633811695598
242.32389838952767
242.6416080256363
242.72872304274534
242.79287195886556
243.18436803502388
243.26218370418297
243.52661415751024
243.56865038712147
243.62238146824728
243.72818735178762
244.10601674335823
244.12219324898203
244.32504124544243
244.41490811460784
244.43886336611195
245.13466401165493
245.40711866349926
245.42532402518938
245.49051755561717
246.2678041954002
246.4260147077205
246.47343240563586
246.55178175455455
246.65568857499974
246.79921511526703
246.9189550604789
247.2166887773915
247.2629932358102
247.7775280588002
247.80390182252785
248.1902215344471
248.38973443894417
249.12116954717507
249.13536081908867
249.2313200815364
249.23264990364672
249.40258412855422
249.49745081284686
249.51119058675337
250.0414229538244
250.262018128629
250.30126193840124
250.46786662942804
251.36956749727895
251.44786189021374
251.51574212278197
251.86656037280687
251.92058637022717
252.00811395864375
252.1024869840498
252.3305525433183
252.47906009900265
252.57498253145715
252.64152865640818
253.0986758759161
253.10343183124252
253.22660159154913
254.23670506338055
254.3390162909865
254.7776827731324
255.00923900099082
255.13886506418527
255.916622391163
256.2426794403167
256.7576361129174
256.8075085224582
256.81977738566076
256.8284466227402
256.9040147685596
256.9398033944816
256.9821597593515
257.03370349873734
257.28757465907603
257.32228962632286
257.5171611256941
257.542409501577
257.71002496276276
257.73005618255985
257.82495294996636
257.8312340791325
257.9510917162416
258.1841541619809
258.41113501035704
258.4451311972429
258.8199389394977
259.23621179445826
259.31786545414303
259.35535011189916
259.3996116794059
259.4237214645482
259.79868713087353
260.0180316602818
260.26529818946767
260.27311650269706
260.44658735896064
260.4765955164064
261.232078332273
261.42563626943377
261.4504587034359
261.74099580690796
261.78071581543713
261.9499584914276
261.97232692089824
262.4934474506805
262.57453922799493
263.0169255687906
263.388352189084
263.6485745252031
263.6771790386595
263.9409331328101
263.9875382615243
264.06088774450956
264.07237245694233
264.1686905512886
265.083989577989
265.2238174655702
265.61789235325847
265.8704603968482
266.0022356203974
266.0593385840434
266.2703628181323
266.65108475182166
266.8605587722426
266.87836010932205
266.9690082447147
267.3691421809466
267.46244681858366
267.63299579052284
267.6452751481147
267.6796851965926
267.75040520573685
267.88339874334366
268.1506350560931
268.2721339308897
268.3612207470416
268.8543282888271
268.93197204583396
268.94176392511696
269.6116362957095
269.7302724000212
270.0217692450898
270.16306759756856
270.266647798057
270.72009647455224
270.76804972701393
270.8092764990288
270.8535799703547
271.07062351208674
271.42176156994753
271.72078268233014
272.0356226451283
272.2936470914484
272.57356812041473
272.7751587443585
272.7922906147714
273.2104481678442
273.90981791950685
273.9642165863212
274.0727789964444
274.09401995916556
274.2159623626446
274.2466697891215
274.657306112081
274.6692571209967
274.7170947651505
274.9051233583177
274.9340694596606
275.08373924610385
275.11878913609866
275.1436955806126
275.22544542894656
275.28915789268905
275.4679625728311
275.49780509584394
275.81823020510006
276.16888823462443
276.27197837348456
276.29272012029975
276.4981186981871
276.72179392490375
277.17504069281216
277.2233621564941
277.3071820249589
277.40117251588384
277.69516973753434
277.7917184936681
277.94240759231263
278.0912250314733
278.52474221579956
278.5464975179524
278.84507866479055
278.9203960048507
279.09689638182857
279.607962044958
279.62041579846783
279.74654927142836
280.6967726634096
280.8423442609275
281.07045735592493
281.2415556567208
281.8758847495599
281.99606370370066
282.18300269638064
282.2470140632996
282.4192634771787
282.6737621849845
282.85538454657
282.9101025093122
282.9416527179004
283.1602037322839
283.27290922530784
283.31454159636394
283.62769732447987
283.9754321124763
284.0795560874926
284.1012594755682
284.1557059228416
284.1670692964231
284.28981714082795
284.69510132407595
285.0912175573657
285.417364212286
285.63116122513435
285.8168738235411
286.2389768400471
286.3857737666752
286.4605869861885
286.60975063686845
286.6424474714559
286.8206165954894
286.89889302019856
286.93486784241355
287.62129088452843
287.75379356671993
287.81603502079605
288.14637155240746
288.15276772505695
288.18487482464116
288.24598029915575
288.5248794357761
288.66694215292483
288.72984074815514
288.8322306117335
288.8658983928727
289.172425116184
289.2070703389125
289.3615282786496
289.93467892827294
290.0665954700467
290.5273753919781
290.81493775304017
290.89343788331513
291.2175541209237
291.24637448853014
291.42903751598624
291.92276174126926
292.10712590290854
292.40946208767184
292.5231367081929
292.6406254727105
292.72353049163723
293.07977829653817
293.19366026024386
293.26822437191544
293.41816096181907
293.4255540670893
293.6631418644906
293.760086067681
293.86413146486484
294.02216976619246
294.0825005837259
294.12569341943754
294.23014727892934
294.2530676793197
294.3158844868754
294.5592516767384
294.63603210167076
294.6667235524847
295.04214481823874
295.07513408237344
295.19444300700314
295.6363309294795
295.83396404963537
295.8645727118774
295.9899977329997
296.09897300328794
296.1724252780657
296.7480005032951
297.3433070079553
298.0425311015979
298.3864011022841
298.41412743975934
298.61683727197766
298.63705576839635
298.70808430009174
299.0971630710371
299.25581656285846
299.33438084031104
299.38136161642444
299.57939396224975
299.75183348771964
300.1650753434356
300.3928544752375
300.4019631315885
300.5101637598305
300.71110190198306
300.8330472810083
300.8943687708857
300.92605755263804
301.0103160713981
301.0656562012992
301.23254160717033
301.35813709242467
301.9771729816422
302.6111251682341
302.63212956596294
302.6426025136085
302.8851274373593
303.03423026702325
303.1316513712288
303.29994961350405
303.7580744913579
303.9997245401946
304.13783910086966
304.1825730419031
304.2790263926941
304.38253477125767
304.4337169127285
304.70359027923723
304.7271811615143
304.8067807137827
304.96122198258433
305.12577219353847
305.14870091217716
305.24296176374406
305.4485140770138
305.76410528697613
306.2205586127967
306.4338885978911
306.8017603965793
306.86070853095146
306.98203297631017
307.6971483556511
307.8657255121103
307.8807783348263
308.12647584428817
308.1389878829653
308.18744340740477
308.19809512312077
308.237294502381
308.3390870380252
308.3643691260556
308.4557513808161
309.2556368229318
309.45412310379476
309.4820173781316
309.80413928159265
310.0722376683539
310.15357768155235
310.41353442995575
310.499374227583
310.90003808102796
311.0390178477388
311.0623642745189
311.17958380688316
311.31425335182297
311.3619110744721
311.47631138447076
311.779414900283
312.02761758949845
312.0447735809171
312.13557533350564
312.21959656982267
312.3357466641463
312.38293993970365
312.7280544972633
313.25312171666616
313.6609070062493
313.77042109904664
313.9062590440354
313.95454211261733
314.0689790004625
314.2360884359932
314.2447428859011
314.4771593538756
315.2820107118255
315.3966549370234
315.9914951406288
316.1633199351859
316.3639382196835
316.60157586508194
316.7978696686585
316.8811016725462
317.006913081563
317.23759441144773
317.2573426348301
317.347978315644
317.44794384363547
317.51032992606963
317.6157011382794
317.8145415172012
317.97455119776754
318.2283352476871
318.47008460729336
318.5329288709154
318.58790712321644
318.656791208636
318.7190362898782
318.8045077342855
318.95135355813596
319.0399483001467
319.3198534897195
319.3685647361937
319.387201481592
319.4778674221542
319.7271994101434
319.8273642324274
320.4096106162291
320.59387755841647
321.0018385369665
321.36750156788423
321.5558148453261
321.56480862192774
321.6021801939238
321.7128607981117
321.91942182635535
322.0652072974641
322.2212464395497
322.24780698902237
322.9154224650426
323.03732837757286
323.1455171780318
323.1737685900656
323.1876076843355
323.3911782641035
323.52430106028964
323.5616443615814
323.62836697529633
323.6635259280646
324.0440447400844
324.147962521471
324.4306125488162
324.46048747075474
325.08946699108685
325.2451015711295
325.2638303474083
325.2846704948687
325.31152561650896
325.6544969439705
325.8466733278592
326.08971864582736
326.1195221794706
326.4453949047884
326.528811067742
327.0026304974891
327.0962504671344
327.4636974823478
327.5280730491063
327.7878532874308
327.8582611565534
327.9333691280758
328.057298592067
328.18354011989953
328.3059068191057
328.34515490459137
328.8054256799856
328.83099104842233
328.867623268516
329.7254177012382
329.85354358093923
330.0053866943012
330.0227266913025
330.1843193121014
330.2903419266649
330.4469828429334
330.51015581113256
330.5592482516544
330.6153556916038
330.71579061291374
330.7332469675844
330.7680366110719
331.10021485198166
331.3431266556668
331.6451465505759
332.03703888760435
332.1552312441849
332.2814190330754
332.7273792277096
333.2657665385177
333.549426590272
333.6042234353885
334.0251031103732
334.03944397503227
334.26933463660475
334.3790504789398
334.41188644733273
334.7894698781336
334.8677212731541
335.27599690975177
335.3539609525544
335.36576180769663
335.46498760532194
335.6728334315546
335.8060868613107
335.8336710416996
336.06387789020147
336.10751956194946
336.1558201348543
336.81982765745573
336.9215150357808
336.99438139737236
337.30759129602444
337.35419519281226
337.398201208063
337.46635761906003
337.50649092050213
337.62147239941606
337.6900301730061
337.92007094283764
338.0117000492608
338.2532391222194
338.3200533811623
338.54289976075387
338.55293491573804
338.62108782057715
338.64444496915513
338.6896076408372
338.82270392685297
339.1903165329203
339.28673812316
339.41105960000317
339.5983364568923
339.6392942304441
340.123651252982
340.1577418624181
340.2954698126879
340.744067490423
341.26862456400215
341.46631094204446
341.5962880893038
341.608960723973
341.65741590126737
341.79916673211767
341.84914024316566
341.9252623117399
342.06667368582293
342.38300431288513
342.5277816332623
342.58429312015664
342.5954818591191
342.8431630403907
343.0280033672934
343.0355815159463
343.6085965488232
343.90937648224684
344.1296089040091
344.1815993999448
344.2325025978321
344.5658544650929
344.7483607631567
344.86854262443927
344.9103795806573
345.4031199733294
345.4468083169867
345.9582689560447
346.7997610965746
347.03049290755104
347.19803829853
347.42309737999784
347.46430620114216
347.55271147753734
347.99224610647263
348.0334347086114
348.05945860703224
348.5775162824876
348.6070515991645
348.8532799966397
348.932189995873
349.1334545731667
349.1623272715952
349.36364914378987
349.41152548280456
349.4598607362917
349.4966459491112
349.66588363815976
349.82990383476476
349.8424580472084
349.91147298878616
350.00306308547573
350.10945169527076
350.11020764669627
350.12663659148575
350.16940156878866
350.2655058989403
350.3608571362445
350.7531761277845
351.2174626237797
351.311654540648
351.4009269477482
351.69058499021526
351.7405095752648
351.75845224753397
351.93185415630035
351.9378943369086
351.9858030277087
352.01751029873293
352.39720967269335
352.7741472500205
353.06905929593665
353.2101913909275
353.62374901008656
353.76013816881607
353.8888206855231
354.59734979208463
354.6799301376875
354.74782785826466
354.8312113810367
355.0269609606522
355.1234386995969
355.3143882623928
355.3542511683506
355.48242835595414
355.55092096722973
355.8643688570244
355.8777578900282
355.98426953523256
356.0610940696914
356.22767364496843
356.2996116779637
356.38122899335383
356.475945801254
356.76220690525946
356.9319488536362
356.98428725584887
357.0170865528581
357.23129179331585
357.37121151734874
358.0125089274409
358.1675558620193
358.3976626986902