5.305210449264292
7.90805512418216
10.077890468855255
11.233103937978182
13.450699965624409
14.410562489446725
15.317391186711447
16.8161328468694
17.498032744381877
18.296285945030288
20.178104277169236
21.062049778016693
21.082347211472385
22.23558825177768
22.828941366307596
25.51849483743574
25.67494347403607
25.816501499548114
25.986271134474173
27.684195119252212
28.05623789667828
28.665295410920965
29.45395495693438
30.65678161463031
30.909310224606564
31.615885801603948
32.22510442782498
33.845770818349536
33.97309979665002
34.00173885801536
34.82416654687722
36.15402011512004
36.462460890196624
36.78416997230822
37.665173600928966
37.97947845465964
39.382328842887325
39.560298001278724
39.89507783926772
40.67768117380976
40.7278596536087
40.84896933796491
42.20052213079739
42.971368646129264
43.35041681423541
43.67359423517527
45.10551002211889
45.73091975316642
46.50013742222106
47.25491027583121
47.50849008606212
47.92252078029067
48.09635909248511
48.32444242235346
48.41588252472289
48.655912953683256
48.90347817940846
50.20586717012461
50.326975692685835
50.61710286405055
51.41728672053598
52.56077597293384
53.037081031453035
53.81344792539264
54.70098496585808
54.836324169563675
55.20154133735261
55.61222010329889
55.816964285777495
56.26276484630734
56.29767447336023
56.618174442726804
57.608203083118
58.158132806377694
58.41473510692619
58.60451944317299
59.266824345335884
60.04784384323493
61.04279165328918
61.84048714531393
61.85236997308385
62.057590422624976
62.6685297617099
62.88248256543098
62.93481634154467
63.22154499763069
64.42227579675944
65.01631204791886
65.05000423615232
65.195208831941
65.58794939044398
65.59454623456422
66.07588012291332
66.73516563746652
66.82832338125431
67.28454971758582
68.2096087222626
68.65612162608987
70.09169822265517
70.63716739772619
70.76508134965007
70.80630270792122
71.49592005318551
71.53940414901639
71.68121006017186
72.26102550918695
72.3157447929753
72.84712678474864
73.28636141366037
74.2844744174245
74.4022094347658
74.8421778542233
74.86748935502804
74.93487746740117
75.23851364307326
75.716473523831
76.30488157055133
76.68587812054179
76.96733657934622
77.06854676431325
78.83962564413169
78.88198597635673
79.31359064462143
79.52298782262598
80.16923291694039
80.35936737177757
80.52442753160062
80.54974649079317
80.55342838319491
81.22230266741097
81.3805403124751
82.09843843139537
82.84450116801972
83.41031295375171
83.57269420489644
83.72530426559655
84.21862469547428
85.28259939330204
85.43069325849171
85.59741497394401
85.94200085940518
86.03073345300916
86.57648010292854
86.63085696496732
86.79952621874249
87.18103836455207
87.66409310626882
88.31325487227558
88.50596787278495
88.99247716077484
89.04861991819514
89.40779533240803
89.48484783523159
90.29614471986694
90.51363149136114
90.56345913820334
91.57471487443965
92.55845934189367
93.03069648263813
93.14967215799614
93.16913825453554
93.42331506580636
93.5578125268133
93.91604421923857
95.0333301979838
95.60330381367082
96.21438368629484
96.4478347037248
96.46811266824035
96.59293282510474
96.61280854019773
96.94917839976776
97.08883797206263
97.39389864184325
97.61327354152499
97.69183844454052
98.40937199048591
98.46126284643111
98.55578558878913
98.93296694068484
99.04542250341738
99.28304852306091
100.4222224228248
100.75885586258151
101.51432334952264
101.68015363659876
101.78913795631578
101.99029882021841
102.73634278473872
103.19624434856533
103.33454751995527
103.56990925937986
103.94906568971635
104.29826423200525
104.65153527397217
104.83573287780864
105.89168112807789
105.9798323913662
106.01008544646713
106.10709674043154
107.00118837624325
107.18249569473882
108.04627082567221
108.32661806083003
108.35425042657725
108.3866587536275
108.53081380507201
109.0922734414978
109.1712281734286
109.20684721211022
109.27979242372999
109.5265330638949
109.58716869346223
110.31289803366094
111.0664678400705
111.30198742687742
111.68545188161744
111.72121914696417
111.96713106267221
112.18687916981966
113.6564535148142
113.86758437277621
113.94331423251423
114.10975706080177
114.73977901219038
114.74652517458624
114.89957843209464
115.570749017206
116.22378959215924
116.3297898744265
116.4516987359147
116.4861566667825
116.56053986674641
117.12073697828414
117.28631030019682
117.96633466854266
118.08878172761159
118.85949855851464
119.12906469074242
119.2964142152175
119.94953544200642
120.15480253532162
120.18898042764027
120.48564038512585
120.78471823287208
120.80983751488762
120.91556830993578
121.25972878029255
121.46853427661075
121.78816261859838
122.1066561622596
122.13001394403078
122.13342362613125
122.28771659275537
122.39679347338425
122.72234615662263
123.08984386517493
123.91627163533933
124.52157808677474
125.32812097237948
125.83945741500085
125.95884198291435
126.1159828416059
126.44602374630047
126.67826492136719
126.73839826711585
127.47130832104163
127.54939419876206
127.63720781204853
128.30973557426356
128.6803966607108
129.02198557401334
129.0571861313398
129.16817381296048
129.43410278166073
129.60959642152
130.8626425203225
131.90725822976566
131.98464906352794
132.6213565945904
132.72300228926736
132.92237336935312
133.20471274333818
133.2117304655678
133.244423280583
133.36761419683663
133.5533799662547
133.86333307416976
133.92827690767922
133.94882938846635
134.1740682686346
134.4532165283572
134.52596513211898
134.68614254940047
134.8326437895004
135.8154977164206
135.86753908871165
136.12543580121798
136.34911218522723
136.7437312973278
136.76112046886314
136.80326187162115
137.3882953490629
137.43019068386803
137.68922189926596
138.02480475586205
138.17759106851307
138.299844828561
139.15928081768922
139.35704323369603
139.46888082157224
139.8997721808825
140.01330650456973
140.14170568238686
140.84399046649074
141.382263081082
141.70267052427522
141.9297809207078
142.32793514497283
142.92721708271307
143.18715933038874
143.67783762655617
144.4643025182537
144.56082071957923
144.74181892635113
144.8070822113071
145.09981211119592
145.14004427984824
145.30469438033893
145.5229025562546
146.27577513466284
147.1248524130106
147.22311096590735
147.36477669655625
147.57101414916073
147.66946869848283
147.7869710914857
147.87943207214718
147.96504845198405
148.0211939575756
148.1474493847407
148.2265364150918
148.27932675960943
148.30521111815528
148.34696114010475
149.3226661705195
149.64612513087584
150.0263808209421
150.230996864305
150.2424407473508
150.41174516692158
150.51541605053734
151.58936990169175
151.73741687598965
151.8177688640776
151.9783110466652
152.51467306145554
152.92889555115954
153.06088886375656
154.66859742914536
155.0582826148036
155.37854378523414
155.40816389636754
155.65277579697786
156.03527899811283
156.06912475367952
156.18507613536235
156.43864193381583
157.06481073979174
157.2235814236849
157.3237143364755
157.53644351447537
157.58188435326312
157.66150418847346
157.7778151483008
157.91232002589456
157.93941196951917
158.86996944601466
158.95911620921996
159.21510083228642
159.4831554652844
159.70009474130686
160.05489451515706
160.3245411090403
160.3995772547811
160.44559401692422
160.58081630342883
160.77645576010272
161.02870822016698
161.67604121145266
161.96856307156366
161.98010037208053
162.2707403923671
162.41155900736712
162.6197225383865
162.7477648547874
162.7829184881348
162.89110463577288
163.61694557440273
163.8357537261698
164.13331036673873
164.55020861160438
165.06143863653097
165.12059284725734
165.28201334730807
165.384166049711
165.65670840927683
165.73593991768524
165.779408041904
166.74163719893022
167.56063288107228
167.9474826561071
168.02364150435488
168.38081647443423
168.79827905097594
169.8239423484979
169.85239454576254
169.9112383672935
169.95790851164236
170.08482802175925
170.57925127264105
170.71996750700663
171.11755952412148
171.20184308981493
171.41311900335845
171.456356433181
171.58697830515484
171.7469024829141
171.92394349827214
172.05954047183482
172.08685858323665
172.5469444254466
173.10062358891344
173.1573717034802
173.25187263329005
173.3436511198176
173.81328791389896
174.36210802043965
174.4544590529436
175.0068090994879
175.5330817499158
175.59695632433636
175.9052282957356
176.06447934607547
176.45466139942545
177.00508053992857
177.52598706224967
177.53658454317258
177.76411362403056
177.79947896250576
177.99508651154807
178.04349528535337
178.162678004395
178.19980937741624
178.24956241497074
178.75423042638104
179.09131980750607
179.28721610170638
179.40131936348214
179.57561415064205
179.81608613397765
180.4196456437724
180.5541359309882
180.67603843334754
180.9377138748126
181.23728440726262
181.3383708979291
181.6337691077944
182.6312951029306
182.9032541508202
183.05231869268133
183.2576206738753
183.4230833862757
183.6133266027282
183.7789202816757
183.82416748200518
184.34652770436807
184.56145080016307
184.62338475356842
184.6962448992907
184.99782570391267
185.27493585549263
185.4002200546959
185.45612850857114
185.85930864782443
186.11954540994446
186.27048465100307
186.69700379254013
186.74802355971698
186.914818059965
187.05221729319345
187.19865099216753
187.31527682651034
188.25564471520528
188.78110742089322
188.8520759656739
189.14274465582574
189.43366031643552
189.68209226806604
189.91667858411066
190.011338567267
190.20746137760906
190.836700638511
190.9340903767504
191.3329161042632
191.95774759887559
192.06847774185707
192.29322140303142
192.79547994483443
193.08288032750423
193.25427131891038
193.34145471309472
193.39330280937665
193.90489196823498
194.0639779203944
194.1625377272062
194.20875965244122
194.451564828914
194.56303634348862
194.58058995012098
194.63598406897995
194.91130163523704
195.41764650186335
195.6019012989826
196.12795012463462
196.298591756149
196.55884693494687
196.82333724644425
196.898383118358
197.47213381470354
197.66420806187233
197.72458175401943
198.107592960304
198.37863448381893
198.48981816065992
198.66191375124475
198.98351091805048
199.08082557499898
199.10030067946036
199.29204943862203
199.31932083680127
199.5237872125486
199.90767191581998
200.08012684722073
200.5071673428329
200.65850881320688
201.08909301641606
201.17358215354707
201.29005316358487
201.5363800047626
201.71403453765674
202.16885305415178
202.98517911747402
203.2037903399255
203.2898251948019
203.48380951154428
203.64772671303933
204.07151742408718
204.1454997886472
204.70816858357907
204.85500920613796
205.34619059828518
205.51725974960422
205.60778892942724
205.8025255092895
205.85952999143058
205.92921152742255
207.1922811353943
207.46869572278644
207.55725680747275
207.6243427861931
208.5719913203347
208.58820044024486
208.77306020876986
208.96924726704495
209.1968015217711
209.40191028617738
209.531602775822
209.67218065460423
209.89860378626543
210.18612715585857
210.3128511995212
210.34520105857467
210.37330156916653
210.45660470277883
210.7758127414228
210.7987074342822
210.92101975574377
210.97292106469013
211.2522834494173
211.29419776426653
211.31443960024689
212.17762290921468
212.26188161257738
212.6110037168609
212.82840770866355
212.9520331426756
213.28559610957797
213.325386397893
213.43641792785172
213.5386719343418
214.0262406196113
214.13335896882052
214.52341270825715
214.7210699271881
215.54218013885585
215.57435711059532
215.6777637127773
215.93947310452566
216.00013202936415
216.25475532484643
216.42101091962024
216.4401517941401
216.5300510823573
216.68182670443582
216.81938392636758
216.9971718265074
217.11519281060922
218.2710500785824
218.70584330683351
219.10482525396213
219.36241165066798
219.52864965557114
219.86433182499184
220.07160635730244
220.3077287730411
220.43381580102928
220.50838924063638
220.86642102499425
221.2101413672438
221.4478073653624
221.63584649410006
221.82379184833755
222.6965673104117
222.81296997985774
223.17374616687061
223.2372611833939
223.44235267882465
223.52137563415835
223.80558882743767
224.0432260636569
224.3298297499805
224.45071707306533
224.55840521420825
224.73730435319348
224.76624062977805
225.22160920827875
225.32906700139358
225.76332156051146
226.0135304140108
226.14728243320602
226.26788681055223
226.50508408448636
226.5734686346257
226.65201536174987
226.96074255190294
227.62025555771066
227.84065959733633
227.88605444555387
227.95625814382305
228.03838635711054
228.2970585968071
228.31547018845413
228.36845250864067
228.46790488136463
228.48706207525714
228.562451232658
228.6370144456253
228.72471506418194
229.1305186847777
229.24150344324497
230.29139768539457
230.6813252093918
230.85295878140397
230.96222891396056
231.25305269899627
231.7955757661696
232.10810424455184
232.38950183492358
232.700422807126
232.7710311674423
232.95672828469284
233.00050816962636
233.392789863845
233.51121604485394
233.9162883349735
234.0046384583701
234.0857327153756
234.45279161543937
234.649684332719
234.68207537058214
234.75804569833727
234.9311136481037
235.102807751503
235.9160647960088
236.2906588806546
236.98151611254065
237.18592973994683
237.25832829367388
237.32784863471622
237.62412984146545
237.70090938219107
237.90867162843216
237.94708395076788
238.31454820002008
238.52710001324476
238.55466412504074
238.8240139963603
239.08777631210606
239.32774191245952
239.39304698925147
239.5542054262163
239.77390327478057
239.87096766866358
240.2433807818375
240.51837755503948
240.7189815428664
241.09729671562596
241.20541046755486
241.30587844089055
241.75291262327846
242.03567935779273
242.63913340181688
242.94245125501755
243.05307963486618
243.15736964236459
243.56068822460765
243.69953062604222
243.78134087859067
243.821582058277
243.8764543625126
243.91729352576615
244.09360447944786
244.27649614908145
244.31547489065946
244.95946590782444
245.25785616235385
245.66167346265885
245.83807914283824
245.90760396876158
246.04703196138036
246.3910027780373
246.50986838736463
246.85659568314546
247.06726444116205
247.26198013956744
247.47647271976658
247.6042449334428
247.7286589919899
248.0562292417592
248.4612273676304
248.54722322056213
248.799325595169
249.06357292878454
249.5207451321894
249.70178437815645
249.85654924158618
249.90558172306268
250.28761032447449
250.4742623824083
250.5645783846694
250.6285061256789
250.7711580147344
250.85434358338028
251.2247332081919
251.36589971372783
251.47203120807882
251.90726223691436
251.97175101981995
252.15479492223471
252.21556542851602
252.46250382818545
252.67918337902287
252.75657578270872
252.88083225733072
253.13029881584893
253.79662077880047
253.94768945095657
254.04846482372045
254.48338644512663
255.1385811185439
255.20513954269884
255.30074892215575
255.3973370389332
255.48366493887664
255.5551349494785
255.73084500421683
255.95525906156266
256.06342937288656
256.4350489456829
256.71842917287915
257.4649981971714
257.6546314112961
257.86908470163223
257.9239956068629
258.1635407713964
258.4151916841071
258.47796364849046
258.93061435716953
259.29612090438997
259.5286135967399
259.69223983506936
259.9221535077354
260.1943279039214
260.2315684949268
260.3440840825071
260.39161651989923
260.50118892948564
260.84732039126874
260.91707541978747
261.04584652719177
261.82009977459944
262.29160716570686
262.45049934479334
262.60977826338774
263.00920458995427
263.15280283542154
263.2735872159598
264.0674366879377
264.30052224965937
264.417143092289
264.704207016739
264.8651386259909
265.1244795495276
265.4646673167186
265.5853587275071
265.6932947683336
266.06030619579496
266.2984958675074
266.5878878872092
266.7128248769173
266.73893305439975
266.77715160086416
266.9395837302402
267.1282678039359
267.227455241733
267.3352036645431
267.4594942928188
267.58386232621
267.76241740245695
267.7843355934783
268.0621913706932
268.1212649277766
268.2207953631056
268.27855829406064
268.8595471620673
269.1491440299159
269.2007931827466
269.5516309453755
269.671617631217
269.8129819063762
269.85202647033816
269.97784552053935
270.1243002540081
270.268466749621
270.6025440284999
270.7019797683142
271.12244400173176
271.399782204988
271.85039473310036
271.949266545326
272.22078480539415
272.26768330967093
272.32999992290684
272.73409835528525
273.10495520222463
273.7844673435214
273.8549541019797
274.1638988729385
274.17509244429914
274.23583882358025
274.4434277519678
274.7764982221222
275.02309214684243
275.2593978557094
275.4925066869031
275.69368098802306
276.3094544126284
276.58970945966377
276.7087539937603
276.9290423127746
277.0224285052489
277.17609602107336
277.2236339445784
277.47359984211283
277.54204501379456
277.5890651203729
277.6364833760387
277.7904233794443
277.90699915017024
277.9911797192399
278.35719773410284
278.5469219938792
278.83077536176194
279.0128606246102
279.13582804509514
279.8110553515318
280.39129675231
280.75092951973966
280.78989288540504
281.28504119438196
281.4004105884154
281.50745647036655
281.87112611155965
281.9581244665631
282.0184683635161
282.0786443885328
282.18822685979586
282.50293393899364
282.57216949487463
282.6930141523405
283.03400878024354
283.1822943919941
283.54409535860884
284.42512819018225
284.72196687909275
285.031570210581
285.25443792084036
285.3442442670262
285.40757771065887
285.584249044197
285.6001933082023
285.7333471528242
285.8733686772886
286.0986974546349
286.2418928520138
286.43551037904166
286.50027769048876
286.67424196224914
286.72288177967346
286.8274059376903
287.08039263636033
287.1836012922007
287.3082844685362
287.64592178519507
287.829707999293
288.0296111687904
288.17154782139886
288.4339618672306
288.4897011496761
288.57967507897666
288.9789778656702
289.2483820788305
289.3427965989754
289.51114192695644
289.8099779616474
289.9251378958435
289.9981765173647
290.2493341220274
290.3665186688622
290.5619943817466
290.9972315044655
291.2573417788818
291.6320887768891
291.7181018812033
292.13776671718585
292.59457572839
293.1256236541624
293.310040934887
293.72823819584016
293.9617678413156
294.117696307149
294.27562547943455
294.5293696886423
294.5771844776637
294.95313966654174
295.0667570347229
295.1083030456895
295.3920893458158
295.54486126535414
295.75400668430086
295.79511577979525
295.9224571970304
296.00193466427135
296.07489594482996
296.24136558850506
296.3335978103523
296.54655485691717
296.76789184949286
297.25596855651276
298.0069279907328
298.2873704892387
298.35997911491546
298.4587444052788
298.5887220171507
298.9006638351843
299.082418018372
299.26739985621117
299.2703743842266
299.9005138468474
299.90737362239423
300.2378580209498
300.2552616041912
300.3554195905136
300.66521200026386
300.9162755124591
301.07797837908413
301.2243136919526
301.27968471287437
301.5969889170856