5.3047210944980066
7.906998932720877
10.075965116595498
11.230885644406651
13.447288478047902
14.407323098614427
15.312946553812235
16.810354896747704
17.491375533603776
18.28963688007067
20.16936870553375
21.052461852585036
21.071827723276936
22.223493313083317
22.8167187863771
25.502094996382397
25.657094663632858
25.800265692589647
25.96882904745711
27.663012175165182
28.034796993177082
28.645855083668604
29.42941279283113
30.630660918892985
30.87948901696813
31.586420411239853
32.195540360316265
33.810915267346694
33.93861234795022
33.964220232015556
34.78519364471443
36.11326515561221
36.420487902037145
36.73727158368985
37.615456533716205
37.93089961398527
39.332226661998675
39.50685237842301
39.83930642762
40.61679065228007
40.66662644161095
40.78595152404945
42.138840214399366
42.90528226337022
43.27461507392775
43.59592137454983
45.03051708712171
45.64770416852488
46.41500814101306
47.169047388937436
47.411451310336936
47.84487026489915
47.99923581773603
48.23041780912682
48.31718085838768
48.56441283427519
48.80796859051447
50.0995179108029
50.20918033369022
50.50236100886567
51.30575870955705
52.43944945723675
52.91770984496651
53.6827000770215
54.57490034431637
54.69334969943531
55.05951513276386
55.480892383665996
55.680365638674566
56.116046328042316
56.15621246531808
56.4705877228191
57.44269514746435
58.00241256832117
58.25027372908407
58.421526542756425
59.100691790671775
59.8712395284143
60.863487818280746
61.65770880573102
61.66033610297415
61.87171003712238
62.46136511469156
62.68172106529699
62.7492029611818
63.022801473567576
64.21197248261427
64.79571733441988
64.83684845898975
64.97210449799068
65.35210305168164
65.36863769787934
65.84631540641891
66.48953907915758
66.59894442240648
67.02389652813017
67.94671604182062
68.40088232568907
69.83243649035859
70.35377793354614
70.46908055774786
70.54289171340909
71.2178525311434
71.26616386909517
71.38123604593008
72.0131215489298
72.02213728616935
72.5555137451407
72.98633817519574
73.94840959965421
74.08446698449687
74.49844497257902
74.53921793509015
74.61331447713616
74.91675835671151
75.3906540854448
75.96828315575577
76.31037627963923
76.61049378133247
76.7022996843519
78.46890522506959
78.52948346034114
78.94344813686973
79.11431463579127
79.76538524906263
79.95928602147893
80.12336774402698
80.14490761553067
80.20377007861597
80.80316648250967
80.95944325516618
81.70812051265484
82.42375319366049
82.9615430425285
83.11318597213769
83.2468821014084
83.77186236253996
84.80745154775455
84.97045312885884
85.13224905372462
85.46123500841276
85.58614824843066
86.11393239322173
86.121234621259
86.27215598665117
86.68515446306417
87.17164632750443
87.79872333871172
87.99444802521026
88.45433587267215
88.5442611674486
88.91466403920177
88.93546376029384
89.74971954341774
89.95417261236943
90.00036704069977
90.9715389292845
91.9986422950444
92.40093635968866
92.5325490774841
92.58101974309753
92.82056123473292
92.98611973976782
93.24698621196184
94.40813154052242
94.94156606608443
95.56007552798847
95.76529636154196
95.81174372392411
95.93778004854234
95.96807273563763
96.25450525898367
96.42436140312081
96.73425358099689
96.8912949187823
97.03774465071184
97.71460568330288
97.74787684289285
97.85610752184584
98.28288642349399
98.30879254723712
98.53157376790726
99.66856457920778
100.02449071477344
100.79674907529035
100.89967124809877
101.15742877617639
101.26208323394538
101.92529473612824
102.35639278321102
102.54356112347597
102.74993661987298
103.17723638700771
103.49160718873067
103.83290140218983
103.95722598703576
105.10435163334647
105.11234181156217
105.1237932076876
105.28638473590051
106.13719382420544
106.2976001051413
107.10810282825899
107.36828417919934
107.466203746628
107.47940561914224
107.6110027347734
108.16175732266076
108.18581073400617
108.2960195694103
108.31828064972123
108.56469874449422
108.67011237360425
109.32199601617079
110.05513093336701
110.33371721917393
110.80060954731253
110.82964169159594
110.97398646515657
111.20107958905074
112.58851765865177
112.834170254237
112.90337835187071
113.01566831477795
113.64417562103365
113.6542701655844
113.85064379161828
114.51688196066655
115.10005917542118
115.23502425315472
115.30629525714019
115.36167693833019
115.38221589562603
115.97008253570912
116.16156386007718
116.81677929392143
117.07204283372806
117.71151489816218
118.00132018007925
118.0783602481539
118.72428143071319
118.9265132323958
119.01758871746969
119.2660708623889
119.59081035595979
119.59999890385885
119.61338502120495
120.01635967084974
120.12584411684543
120.54448812455377
120.82770612099988
120.97572413984986
120.99838599182101
121.07231223433939
121.0882589260384
121.50178772838717
121.81054464997528
122.60078126572154
123.1838281907425
123.9784123160341
124.34553687686675
124.55039244200583
124.79208409091117
125.03770851583977
125.23938134673372
125.33934541615699
126.05566545789317
126.09023754573971
126.1709788519125
126.84206677943281
127.35004681833632
127.50256901922702
127.5447392312088
127.7103000091057
127.96825729853673
128.0789937417127
129.27753757446922
130.3087940256031
130.48491903077417
131.04210491676363
131.04579190401944
131.32706705532178
131.6753577580128
131.76098775969106
131.80745828700628
131.8398531137766
131.9541773286189
132.25498564510514
132.33386406443574
132.3630644949838
132.42481483610842
132.71859733128153
132.79835711912287
133.0481340634772
133.1170407798809
134.16513754138262
134.19923935601435
134.60659359058423
134.64105106450526
135.01011029384986
135.05951598879645
135.29300324647534
135.6805783147654
135.7259285066136
135.90882316915216
136.18389890467483
136.38979419302927
136.45085089713396
137.3662901356586
137.5085845721647
137.60273923930453
138.10016417235386
138.21768566489524
138.2462462682704
138.9594338188804
139.48781782142046
139.8244190203219
139.9767819063148
140.3404134448005
141.0243529511661
141.13183501595321
141.73947348525232
142.40694543065638
142.59609404700174
142.72389600858799
142.95211981694024
143.13109547654676
143.23371293615673
143.3735099578128
143.41587776787296
144.11194602656
145.05468085276107
145.1038541303331
145.22813532322888
145.5794976317598
145.66821020688536
145.7260723774264
145.73773518956094
145.8137872258151
145.8215186938721
145.99986692600635
146.0714476015344
146.08856974259854
146.17141291069385
146.47780051117707
147.17426078436293
147.48688603684965
147.69826558665687
147.95406890042887
147.9680676639907
148.19845991321435
148.22798936841966
149.15259279397557
149.4088380963628
149.61679928097104
149.6455852355573
150.0904320512426
150.54439468394114
150.66642305233788
152.19072545113494
152.5661094460082
152.93559818756475
153.05172820314883
153.57752822745564
153.63180372005044
153.64605379092373
153.80995500819972
153.88672523922975
154.72422215374277
154.7355249606776
154.97327180705184
154.98505954955723
155.134460404682
155.19509494708004
155.3077676611131
155.3763413729304
155.52787282318624
156.21374038499602
156.41992197574865
156.5958807244204
156.9970444955098
157.23495448879905
157.42021882041627
157.72502619505315
157.74513488401513
157.8779380562041
158.0793465107203
158.1039427676026
158.21533345865382
158.95795534406068
159.22664066401856
159.26025485177377
159.65772163406706
159.70982469342286
159.72717554721066
159.83711019996363
159.89434212198145
160.03261943197668
160.68981832263282
161.12839070497634
161.33370394935966
161.77501970718436
162.08789711350764
162.18295079919363
162.44885825120832
162.45752045844975
162.6268880694639
162.72991520494793
162.7341780170238
163.88372895618292
164.50140060778114
165.04579192247343
165.34245590974427
165.49097471725128
165.71357188033838
166.74491087108174
166.78606129060432
166.84477097379866
167.1099406342137
167.19444568323402
167.42248630441338
167.47568122074355
168.07975363598268
168.1496518994149
168.18967272450246
168.3406515197401
168.4649932435317
168.59781578064576
168.70031156238355
168.81149431624942
168.8993150402102
169.449017751475
169.7440909879313
170.0506597272411
170.05117042062668
170.31558550483635
170.47366470651744
171.01032232630183
171.18056919420866
171.6396834904034
172.01647210601263
172.11387935165587
172.35353707743107
172.5278329644698
173.44811746091813
173.4705394500563
174.11101266592286
174.269900793969
174.28332799518134
174.38237880917302
174.39972627362218
174.45067335951555
174.5561376797625
174.70866423755692
174.82801919082488
175.28193275330477
175.50092723157186
175.53090967238916
175.96638421834214
176.0462767741443
176.10783793793348
176.7860831448239
176.80038534647645
176.8652533717438
177.6638998958953
177.67263873632004
177.74914762560812
177.9310650719886
179.11203195365673
179.19654604342517
179.33300613519944
179.46964449471915
179.64712918053527
179.86488272824099
180.2559033247357
180.289290477361
180.53987124248803
180.60280846463442
180.60931723252673
180.8048028814001
180.94428205699828
181.36708160318867
181.4527638469736
181.7765885584196
182.12325824504066
182.20653857741965
182.2913980381007
182.62876268058025
182.91940847170014
182.94885260185177
183.12286385370584
183.1451758048644
183.32804733145795
184.34835405612097
184.66308646002366
184.67767426063008
185.10695885519394
185.20868846796498
185.59789217225284
185.81022174317792
185.91807620060243
185.94922003664576
186.5558741185726
187.17540586834193
187.28040360236201
187.55337058371566
187.94591092992968
188.0659701916489
188.2462622267539
188.71443643179006
188.8832824315144
188.96098417694762
189.44018647775246
189.4792863830574
189.51301745875327
189.52561855643586
189.57631977181998
189.99343905672143
190.00999469250502
190.23209128018067
190.23304672322277
190.52980252438056
190.93998260474655
191.04080522013862
191.68441656953263
191.8985745856989
192.05972718871217
192.13872360578634
192.29606888586503
193.00369650801125
193.30337291741486
193.36795787118214
193.56807857873332
193.71418863874837
193.95382971249117
194.14854848754322
194.2417034009346
194.31297060987166
194.45694497687006
194.61288210765352
194.9939943467379
195.1362280206615
195.1364323881266
195.16222744833215
195.72133860828293
195.98191573089161
196.27663093892542
196.4807176462402
196.56414606029833
196.7227965332244
196.8894429490781
197.60067329590026
197.9354797576872
198.1961038426689
198.25494918871075
198.35932199779478
198.8095518294361
198.9704663917931
199.03682571388495
199.79789332395234
200.0892510303746
200.18256809159016
200.24851525980912
200.45879350518547
200.52258492234543
200.8528318768971
200.99142685100745
201.88423067898458
202.21155273478405
202.43885215029283
202.4536620530504
203.1256032049218
203.1611796154364
203.48151670871894
203.66884013718342
203.77354985599177
203.93213542084337
204.10580424790652
204.14039527101318
204.56865631773127
204.6501661061521
204.7251287397489
205.00856656942466
205.16273644513183
205.19878995014966
205.2679933351225
205.3289744715566
205.35216487099976
205.3821202248486
205.38738203853055
205.51976665455078
205.52834993606572
206.65074065181133
207.08195081574513
207.30834403414755
207.31048662505705
207.37836104391914
207.59798869950265
207.64340155901388
208.127107270411
208.41398324033474
208.4234310527186
208.50856264662676
208.7409054579536
208.82968171433572
209.52912527485736
209.8235015378622
209.854040314165
210.00987920907352
210.138114967703
210.4269344793313
210.52181709175773
210.5511783135632
210.68873211079506
210.8249626413961
210.8632941114688
210.97729893417312
211.55704995397912
212.5824835601143
212.69479472451067
213.1003717090428
213.67909552964073
213.9296005740293
213.94003232659162
214.02108436092016
214.12691366785384
214.3112008413934
214.5683844930478
214.68760603878712
214.83302761692974
214.92511477142975
215.20307453442794
215.67900771571436
216.53009085806963
216.68485791272562
217.07118933661835
217.18220523381416
217.31228993424693
217.43201297784196
217.45890147573843
217.94976351874993
218.0536889890024
218.0677508558377
218.27035825003009
218.39251313446132
218.69830016446892
218.73526064286222
218.75714486893725
219.16926936730488
219.3242172606558
219.45258325728204
219.6404672262646
219.68397952126503
219.95482950807272
219.9680679545884
220.1605604406737
220.99776670698657
221.47283389334916
221.4987901554297
221.66847195795071
221.67643557090832
221.71701665590487
221.7740092723439
221.799403955485
221.85772576047694
221.89198848765804
222.02029160774845
222.0298342892779
222.13675103154267
222.23252209813947
222.26963367701086
223.01557437034063
223.63536925469256
223.9924125174444
224.02918340100882
224.20115443442492
224.6926074869704
224.8451138406967
225.33431475332807
225.55095529028563
225.6143377044562
225.6507036990332
225.74388182227446
226.0549274598942
226.44634894024307
226.5268587644543
227.03541482298047
227.13194778725722
227.2952319730618
227.4052924441425
227.42973872781755
227.5947932540185
227.8679294918744
228.37498435771744
228.80509767077552
229.153359386899
229.66810188484186
229.7091830300046
229.79160984719266
230.0065817370968
230.09666674966823
230.2005793959692
230.34358216167885
230.42976324950376
230.74352626697407
231.28257570712333
231.37657062867078
231.39820651745808
231.47792687678856
231.67848318559163
232.02928801749948
232.08881406996358
232.25966175211954
232.30198014419167
232.5881353563871
232.9687971836004
233.30928647315818
233.55769053678404
233.59564316175832
233.6443472315403
233.69121296462384
233.83614550061208
234.38736098443937
234.74654592595803
235.00952226348045
235.1201675929147
235.51770381544432
235.93795447164462
236.0126594669454
236.30602369250585
236.31461613662947
236.41430137531538
236.52410829049714
236.55172038294293
236.77434629626032
236.85191591583862
237.00332293338596
237.51438475169516
237.5505998374247
237.58375361116643
238.07251577373358
238.282701123187
238.76000162271438
238.777658446028
238.85203933498912
238.88012775986087
238.98858835012845
239.0428473312483
239.4257009959825
239.8877308519282
240.2060916916939
240.37365617183104
240.7255292318658
241.16333499299375
241.31846289194561
241.34338596803786
241.7850408633372
241.79999685220932
241.82507507235945
241.84114242875052
242.0618311547919
242.34989848511722
242.45633577923107
242.4872552110375
242.91182628551852
242.98286377883494
243.25543479226477
243.3073767248547
243.3601152456274
243.46915259482302
243.845125821688
243.8534088514073
243.9810800611181
244.0971542651474
244.15144514567254
244.8454691574898
245.1176809302187
245.13908948116656
245.18655494946475
245.99072820373524
246.1095975439522
246.1595801802169
246.20521365388888
246.37086820797924
246.47156572039356
246.64175514243738
246.93702068398554
246.97742343922712
247.5067550320928
247.54609030903825
247.89777217583523
248.11852516860063
248.85913358860503
248.88034980353947
248.88698137818812
248.9508112540719
249.04808942233228
249.19847303465323
249.22527742610887
249.76027489631744
249.9468767303588
249.99948889935393
250.16516682925328
251.0762517513916
251.1515402099986
251.22477098479794
251.6008097419152
251.62973612421416
251.69521361386876
251.8032808503366
252.04893047603633
252.18473312423376
252.26148943703535
252.3191733106872
252.74374520799816
252.75620571935985
252.87928315129454
253.91986476657394
254.03840236803626
254.4467691813263
254.71780448415893
254.82492044722184
255.60158264625096
255.92582623316173
256.4032634685053
256.4347027662754
256.4875055951515
256.50864903673255
256.55418009049544
256.6131445208945
256.656896167942
256.7003055113378
256.9590077822357
257.02186855308116
257.0372804188139
257.2041665863997
257.2383769451037
257.415382293099
257.4356353696002
257.5286885425223
257.5631306249754
257.85363941201024
258.11153553084046
258.11926572259324
258.4854537135079
258.92794664403414
258.9682815631317
259.02315908238774
259.0308088062451
259.10697857318695
259.4770047373195
259.684017088379
259.9177183275466
259.9365554931179
260.0999822834855
260.14985624383746
260.89340960113975
261.10291119556683
261.1240336293067
261.3903350902422
261.4170414316836
261.5603684264409
261.61268849488715
262.1836367559569
262.23181728672637
262.71418474657065
262.98661270694674
263.2552477276398
263.343478885315
263.61814451221016
263.64125498056114
263.6984118401898
263.7138035811057
263.83476300235765
264.7235646784197
264.7875138084998
265.29062524273377
265.5183670024238
265.63068458436635
265.7100678819309
265.9292044242462
266.28074858280775
266.5206238057922
266.5360702925575
266.6075618151194
267.0335041884664
267.1187177200783
267.2841127460111
267.308983656149
267.33375886583553
267.39210885188083
267.5441825589156
267.7592037011326
267.9001756320923
268.06564995222374
268.5209196031954
268.5464018820774
268.57376708727793
269.2034502320321
269.3225648406788
269.64141391379616
269.8247852462113
269.8904993162905
270.2856386172943
270.40729216698304
270.45356410294954
270.4893804074875
270.71669833574714
271.0747189176232
271.36537345710065
271.5669504570468
271.9534843045057
272.19577177685125
272.3173108938238
272.3415399785458
272.86908506054635
273.5202918334379
273.5663527906108
273.6938323840447
273.74979645970745
273.84757164062273
273.8669523406926
274.26353685859567
274.282619943342
274.32822855497886
274.4629453022048
274.5497581799503
274.6299476272405
274.6620187203956
274.69485760211785
274.7776185095883
274.8697091433998
275.026393507236
275.15497464395935
275.4914457677874
275.8012111042459
275.89300452404694
275.8991243670304
276.13136724130385
276.3159580799565
276.7815450409754
276.8535354812772
276.9691559063631
276.98373782153175
277.2956149571465
277.41977409040027
277.47180971647145
277.61505521867
278.15488087040677
278.1597516414522
278.44618966150364
278.52290615746404
278.74923383663844
279.21021631692685
279.22020270620106
279.3616716760787
280.29473314100784
280.4090302973048
280.6630464935712
280.7714572763054
281.42514473834615
281.47738050062463
281.76668486131393
281.8538712749657
282.0254125421852
282.27749377723785
282.4454474978377
282.47971342778254
282.51574956567873
282.73889174167033
282.8403572791055
282.8556542815849
283.17344288355264
283.56989410136214
283.68212038115155
283.68837278559994
283.7136616207227
283.76831754355067
283.93594364795104
284.27653549977714
284.64113392549035
285.00540707679966
285.2259293461604
285.38471669393215
285.82389799807765
285.8884578030412
285.9321343016847
286.03542157527295
286.22645120940547
286.2953391805313
286.3357440075887
286.39826259520464
287.2008994593218
287.3213509473636
287.3302167337989
287.7193493642407
287.7391738332223
287.76510598960857
287.7778230527371
288.00806763458866
288.2169688430063
288.2233400392854
288.3943686047932
288.40802061935403
288.71422948415034
288.74573499789125
288.88702363300064
289.4810214157735
289.6488906784262
290.10889983437744
290.3567026531632
290.4616029079094
290.7086928827806
290.76827651656316
290.9904487647144
291.4727622997514
291.6584420969836
291.9733757250446
291.9946378413289
292.10138302430016
292.2766923946754
292.60618094967265
292.77500970814805
292.84825939652086
292.98068322691955
292.9968284046305
293.2099813689047
293.33158513842614
293.40539232205083
293.60321982418344
293.6069293968423
293.63564451228194
293.69106830017233
293.7614820212313
293.8258760625396
293.9998684397855
294.1027581318438
294.1272208368674
294.59362321725183
294.61834809056256
294.7201202337874
295.2336995714576
295.40006233009245
295.4247735314044
295.5440313002076
295.6171980084494
295.7210361405698
296.26961174170293
296.93487835746606
297.53460766862634
297.9029585417442
297.92235692655004
298.138956172068
298.1917344231182
298.23772980739227
298.66362581714145
298.70437246129967
298.80561385528114
298.8326418418166
299.0355489737216
299.27761269226784
299.67238580524474
299.908787451132
299.9502082689074
300.08204470056126
300.2319162764886
300.33324314226246
300.39440864035294
300.42586278212036
300.5175511497686
300.60578302997027
300.772145398127
300.91681640434285
301.5140985571294
301.9805734092089
302.11421773314646
302.1786275894871
302.29362642463684
302.4920501691171
302.60552508271996
302.7612036331253
303.1172965397829
303.4959993509489
303.5879951666824
303.6599512801195
303.7588133608258
303.87809844345276
303.9601982943091
304.1209363963163
304.17008885488366
304.36057969170514
304.43233481087515
304.5513043987796
304.5649070973384
304.60744697473183
304.9573604101121
305.26658499173476
305.72259772409234
305.96815253931845
306.3287900399817
306.39144589241005
306.48548679217237
307.1966617142159
307.30973402616587
307.3409710314251
307.57901715878074
307.5971201986018
307.6449857497177
307.65865657157775
307.684232554532
307.70259061737283
307.7516122411613
307.9476801984454
308.7324626385864
308.902372268001
308.9788706687828
309.26272510002707
309.521953627326
309.6325004091446
309.89908494048854
310.0188349889413
310.30961002643687
310.42200114359616
310.51378750811546
310.6835509083569
310.76389240548394
310.82077938840376
310.9425845979987
311.23843179976393
311.5174778710548
311.53680616709045
311.59379914846556
311.60079127617814
311.6623761701298
311.85571648398695
312.2667372002066
312.7298454612367
313.12237536687513
313.15479288931283
313.27927615633115
313.36751909828615
313.4241241996961
313.62313054638673
313.66381927658597
313.9159853383349
314.7834297751095
314.87064348002906
315.4658270181396
315.6037486384443
315.82574903502814
316.0472372357
316.17597584752457
316.31824541856093
316.420256995471
316.4767488343942
316.5839835514776
316.68971911261696
316.7353680445085
316.73947835627484
317.02845208421434
317.22787742874516
317.38385837075646
317.6284094426176
317.88585058717706
317.95234590047147
317.9779501836059
318.0694944575937
318.0834435530379
318.23040705959835
318.4032330056454
318.4811480036712
318.6385476221572
318.76089328253914
318.8078597472338
318.8963832206074
319.1178612355343
319.22503867414804
319.85191922566963
319.96086715665297
320.4462403319189
320.8618535298071
320.96082866821047
320.9790580107635
321.01174648691705
321.17794902466926
321.3951066542256
321.51124220978863
321.532941954229
321.5864148506736
322.31949471154354
322.37905486012835
322.51188210012754
322.5649504667891
322.6508676493161
322.75749875834134
322.8876878602306
322.93061425848333
323.01115970955084
323.0761625059229
323.474423836967
323.4867907087163
323.8681853763059
323.89767433301546
324.4633670096168
324.61053302202805
324.68121180651514
324.70183123421856
324.7188577637824
324.98557603778033
325.10485906347543
325.4265313354274
325.51171238754256
325.8224775058427
325.9588706305956
326.39510995542486
326.5321832867379
326.91892821505763
326.94612634081784
327.1970214187718
327.2356163995939
327.325986566094
327.47125774975757
327.53173349039577
327.680160619168
327.71516681680976
328.1139744547982
328.2085970522199
328.2775871749923
329.14879372136136
329.23960957545006
329.3087709986607
329.39724208387685
329.42128268359863
329.6578358908555
329.80905972920914
329.83645430465697
329.86384697273945
329.8759138552838
330.09242771274785
330.17759171878527
330.21787683298453
330.4838931730182
330.71680730932496
331.037922861333
331.408551369831
331.5213242090813
331.6159132413141
332.21656451648266
332.6629973569959
332.9143695555752
332.98684691545355
333.2336204479763
333.3545451789684
333.4951828762291
333.56569841619984
333.6706590151067
333.9661346644128
334.33297007807624
334.6045765957072
334.6550465442935
334.7031736808254
334.7322215371736
335.03540031098146
335.10817085780224
335.19606577940624
335.3273926368069
335.3828044999777
335.46105156306976
336.0016573827853
336.1383164003684
336.35005663284977
336.50260423000947
336.68227180460775
336.7095210269984
336.7821809469496
336.86168791709395
336.92266773836775
337.0583924405514
337.22339724738913
337.3729980813557
337.5990162484652
337.69357922121696
337.74799150690654
337.89938173011353
337.9532845455692
337.97625895866867
337.98830318829096
338.1799729065499
338.51280793090547
338.63816609749284
338.729261198293
338.9466167124154
338.991822814521
339.3177503976823
339.4134072348367
339.5087040006494
340.1457344021752
340.6249879862627
340.79329770428814
340.8962943473934
340.9400666562977
340.982626344945
341.0863626493828
341.1546918665806
341.2342762782029
341.4309197757281
341.60510077850813
341.71717149540746
341.9132531700477
341.91737603440214
342.1308443204849
342.3308993665449
342.3609027592776
342.89693539352595
343.2690558294095
343.31570096941465
343.37709798773136
343.4744379681191
343.8318013855596
343.9679400358263
344.1331671477307
344.28636939147464
344.7157752804994
344.77498696980604
345.32486063187633
346.08250392808986
346.3118874316666
346.4878830390353
346.7363975824842
346.79759654573326
346.90984341197793
347.1717529490238
347.28677143287047
347.37307443242736
347.8181057568425
347.8755451638955
348.0932986727264
348.23834382004713
348.42241908409204
348.4700973353736
348.52834053522287
348.595190721357
348.6244810601571
348.68533656662083
348.7157044138917
348.77083510975586
348.9595272098439
349.1786226332353
349.21379034774316
349.270326514619
349.35713381575977
349.40162621417
349.4058358972427
349.44848061189185
349.6587512065644
350.1711647511916
350.4750056230015
350.6288041873226
350.64869197004555
350.78802819710523
350.99932350959
351.0323620701516
351.1423401562388
351.20953924443654
351.2529754874148
351.28831077334723
351.59125723104427
352.03361327933516
352.44248241261374
352.45112775755325
352.8843655862222
352.9775599065899
353.1797081941309
353.82640953476573
353.86063760556647
353.91270022372214
353.9577926928834
354.1846232059125
354.20735828409755
354.39823402333593
354.5696695507973
354.5974037240213
354.6404037179195
354.8728422331446
355.1735233305137
355.2141669459815
355.2946975108751
355.4454423861546
355.53293847490096
355.68253433129627
355.7198270525811
356.0223605704881
356.1282860902864
356.17367472378123
356.18874393483935
356.5154584825763
356.60309489109306
357.23335153914155
357.4288801381197
357.50740917320775
357.58982947697035
357.76273526278754
357.90866736402603
358.02059906083224
358.06259649230213
358.0749045800303
358.1907297090023
358.2172390164058
358.35577598694323
358.4148967011895
358.5522965747411
358.6214360569708
358.6655048687478
358.9220980580677
359.2809724819241
359.38895211628676
359.6139209953595
359.913687564276
359.9883814258975
360.13919063419394
360.1852869428392
360.2093055335752
360.4770437955442
360.58797429925863
361.44250235197956
361.5917693553589
361.65395333250257
361.6723314813645
362.18209965480656
362.2333319623525
362.29359474981254
362.4034294643629
362.432046468534
362.44475173290414
362.94004107941066
362.97797107842064
363.4088500750931
363.5379763478507
363.62312422051633
364.20326472995066
364.24475576686604
364.2614440447231
364.4187480074821
365.346146510377
365.50135648701337
365.5651830876706
365.78178582956843
366.2545343238086
366.2739073468886
366.45226695837835
366.4706650707039
367.0289663676385
367.346385027074
367.57868801211345
367.77941780988044
368.0473791133523
368.123714000238
368.48364815339073
368.5073722559531
368.55461712505434
368.6972149301939
368.7437339642337
368.7735637735999
368.96014487426226
369.0099624021859
369.0487186045386
369.1366131007541
369.2922280609718
369.3344264503769
369.4958413035763
369.63395568736047
369.6791904391311
369.7842354019625
369.82668398243334
369.8545879848583
369.9586988235883
370.06685555410985
370.0747898680875
370.39258591298307
370.48776917786944
370.6796629587206
370.81796580441335
370.99026198951896
371.3114881344993
371.40817995558746
371.5901653397541
371.75030571751404
372.1066106683302
372.3082065704096
372.4574300845748
372.58686426431956
372.6369966914334
372.6510112953682
372.9148862205127
372.9953009154998
373.3353484562695
373.52589116619794
373.6286273235669
373.85320104803475
374.02486779964374
374.0753888067779
374.1181427002227
374.2106045413056
374.3080548400042
374.5185011670002
374.616176506544
375.01036489416583
375.47716464813084
375.5950361549216
375.6380682334186
375.8919639880532
376.07319381752495
376.0835923996321
376.18679180051527
376.23519481473346
376.2763871264322
376.39617465363165
376.49222754025567
376.5383278006743
376.62080769698565
376.71771360022285
376.7428736246521
376.96740454415556
377.1728932405082
377.63649918685576
377.7867628279993
377.8218058347765
377.98558544271515
378.2960287699013
378.3168820996353
378.5029089027206
378.88254881561704
378.92250405898614
379.0044704180506
379.0735323119035
379.84756615050765
379.86958875314417
379.8947843605838
379.9689909969156
380.10749612958733
380.1860907292523
380.27155977717763
380.314279207772
380.4507624720125
380.4966249090507
380.587036937949
381.1433267767573
381.18234458439895
381.3929229857892
381.51795055217997
381.9864246822654
382.007298803493
382.09445867348103
382.1399984371923
382.1773100747302
382.27050374523577
382.43456065093926
382.5065494642787
382.51586921507504
382.54911305751875
382.69874184657556
382.76632703036404
383.168364665027
383.6947514463853
383.7541049990696
384.06058982333786
384.257351416414
384.3504886791992
384.4573079757121
384.66494895867567
384.77564529410046
385.4247192320206
385.6184312482927
385.9206873751163
385.9270259167587
386.3077356532663
386.54609735063855
387.0242818561782
387.2123771890469
387.23013591055064
387.46880669245166
387.5328254716645
387.5896769656581
387.70333446050125
387.9038096112558
387.96772629990187
388.07783730161435
388.1865122225381
388.22676637716313
388.2453979424057
388.373312135565
388.47198574202747
388.5141934703163
388.6811343414175
388.92948364553666
389.06354612630844
389.41696324884487
389.58712571135163
389.951914387782
390.2331227804613